-84.30289 33.90316;-84.3029 33.90306;-84.3029 33.90295;-84.30289 33.90285;-84.30287 33.9028;-84.30284 33.9027;-84.3028 33.90261;-84.30275 33.90252;-84.30269 33.90243;-84.30228 33.90179;-84.30223 33.90172;-84.30217 33.90164;-84.3021 33.90157;-84.30203 33.90149;-84.30196 33.90143;-84.30189 33.90136;-84.30158 33.90114;-84.30009 33.90012;-84.30187 33.89836;-84.30278 33.89746;-84.3034 33.89685;-84.30461 33.89564;-84.306 33.89433;-84.3043 33.89192;-84.30424 33.89184;-84.30417 33.89175;-84.304099 33.89168;-84.30403 33.89161;-84.30395 33.89154;-84.30386 33.89148;-84.30378 33.89142;-84.30368 33.89137;-84.30359 33.89133;-84.3035 33.89128;-84.30341 33.89122;-84.30332 33.891169;-84.30324 33.89111;-84.30315 33.89105;-84.303069 33.890989;-84.30299 33.89093;-84.30291 33.89086;-84.30283 33.8908;-84.30275 33.89073;-84.302371 33.890409
-84.31518 33.924799;-84.31531 33.924989;-84.31557 33.92531;-84.31571 33.92549;-84.315799 33.9256;-84.31589 33.92576;-84.31593 33.92588;-84.31594 33.92596;-84.31595 33.92605;-84.31595 33.92614;-84.31593 33.92623;-84.31591 33.92634
-84.314899 33.92426;-84.314939 33.924359;-84.31498 33.92445;-84.31502 33.92454;-84.31507 33.92463;-84.31513 33.92472;-84.31518 33.9248
-84.31486 33.92791;-84.3151 33.92755;-84.31553 33.92697;-84.31566 33.9268;-84.31579 33.92662
-84.314549 33.928409;-84.31459 33.928345;-84.314859 33.92791
-84.31161 33.92381;-84.3117 33.92378;-84.31178 33.92376;-84.31209 33.92366;-84.31237 33.92357;-84.31247 33.92355;-84.31257 33.92353;-84.31266 33.92352;-84.31276 33.92352;-84.31286 33.92353;-84.31296 33.92355;-84.31305 33.92358;-84.31314 33.92361;-84.31329 33.92369;-84.3135 33.92385;-84.31357 33.92391;-84.31365 33.92397;-84.31374 33.92402;-84.31383 33.92406;-84.31389 33.92409;-84.31403 33.9241;-84.31417 33.9241;-84.31428 33.9241;-84.31438 33.92408;-84.31449 33.92407;-84.31459 33.92405;-84.31469 33.92402;-84.31479 33.92399;-84.3149 33.92426
-84.311089 33.93035;-84.311179 33.93031;-84.31126 33.93027;-84.31135 33.93022;-84.31144 33.93019;-84.31153 33.93015;-84.31162 33.93011;-84.31188 33.93001;-84.31195 33.92999;-84.31206 33.92995;-84.31225 33.92991;-84.31275 33.9298;-84.31285 33.92977;-84.31295 33.92975;-84.31304 33.92972;-84.31314 33.92968;-84.31323 33.92964;-84.31332 33.9296;-84.31341 33.92955;-84.31353 33.92949;-84.31362 33.92945;-84.31371 33.9294;-84.31381 33.92934;-84.314 33.92917;-84.31408 33.92909;-84.31414 33.92902;-84.31421 33.92892;-84.31428 33.92882;-84.31437 33.92868;-84.31455 33.92841
-84.30942 33.92606;-84.3095 33.92612;-84.30958 33.92617;-84.30978 33.92631;-84.31006 33.9265;-84.31026 33.92664;-84.31033 33.92657;-84.31043 33.92647;-84.31069 33.92622;-84.31086 33.92604;-84.31099 33.92589;-84.31104 33.9258;-84.31108 33.92571;-84.31111 33.92561;-84.31112 33.92551;-84.31112 33.92541;-84.31111 33.92531;-84.31108 33.92512;-84.31103 33.9249;-84.31102 33.92481;-84.31101 33.92472;-84.311 33.92463;-84.31101 33.92454;-84.31102 33.92444;-84.31104 33.92436;-84.31108 33.92427;-84.31113 33.92419;-84.31118 33.92412;-84.31124 33.92405;-84.3113 33.924;-84.31137 33.92394;-84.31145 33.92389;-84.311529 33.92385;-84.31161 33.923809
-84.3094 33.9318;-84.30947 33.93173;-84.30954 33.93165;-84.30964 33.93155;-84.3099 33.93127;-84.31003 33.93114;-84.3101 33.93107;-84.31017 33.931;-84.31025 33.93093;-84.31033 33.93086;-84.31041 33.9308;-84.31049 33.93074;-84.31057 33.93068;-84.31066 33.93062;-84.31074 33.93056;-84.31083 33.93051;-84.31092 33.93045;-84.31101 33.9304;-84.31109 33.93035
-84.30926 33.931959;-84.309329 33.931879;-84.309399 33.9318
-84.30911 33.92581;-84.30919 33.92588;-84.30927 33.92594;-84.309349 33.925999;-84.30942 33.926059
-84.308969 33.925689;-84.30904 33.925749;-84.30911 33.925809
-84.3085 33.93359;-84.30854 33.93351;-84.30859 33.93343;-84.30862 33.93335;-84.30865 33.93326;-84.30868 33.93317;-84.30877 33.93286;-84.30879 33.93276;-84.30882 33.93267;-84.30885 33.93257;-84.30889 33.93248;-84.30894 33.93239;-84.308989 33.932309;-84.30907 33.9322;-84.30913 33.93212;-84.3092 33.93204;-84.30926 33.93196
-84.308359 33.93379;-84.30845 33.933669;-84.308499 33.933589
-84.30773 33.93438;-84.30782 33.93432;-84.3079 33.93426;-84.30798 33.9342;-84.30805 33.93414;-84.30828 33.93389;-84.30836 33.93379
-84.30737 33.93456;-84.307469 33.934519;-84.307559 33.934469;-84.30765 33.934429;-84.307729 33.93438
-84.3072 33.92394;-84.30759 33.92434;-84.3078 33.92455;-84.30821 33.92495;-84.30843 33.92516;-84.30882 33.92555;-84.30889 33.92562;-84.30897 33.92569
-84.3062 33.92287;-84.30626 33.92296;-84.30635 33.92307;-84.30655 33.92328;-84.306899 33.92363;-84.3072 33.923939
-84.30604 33.922579;-84.30609 33.922679;-84.30614 33.922769;-84.306199 33.922869
-84.30587 33.92219;-84.30591 33.92229;-84.30595 33.92239;-84.30599 33.92249;-84.30604 33.92258
-84.30567 33.93501;-84.30576 33.93499;-84.30586 33.93497;-84.30655 33.93481;-84.30678 33.93476;-84.30684 33.93474;-84.30693 33.93472;-84.30702 33.9347;-84.30711 33.93467;-84.3072 33.93463;-84.30729 33.934599;-84.307369 33.93456
-84.305569 33.921349;-84.305679 33.921659;-84.305869 33.922189
-84.30547 33.935049;-84.30557 33.935029;-84.30567 33.935009
-84.30504 33.91984;-84.30509 33.91999;-84.30512 33.9201;-84.30515 33.92019;-84.30523 33.92039;-84.30534 33.92073;-84.30557 33.92135
-84.30485 33.919399;-84.304949 33.91964;-84.305039 33.91984
-84.30456 33.88919;-84.304228 33.88868;-84.306188 33.887732;-84.30654 33.8882;-84.30456 33.88919
-84.30485 33.9194;-84.30473 33.91917;-84.30444 33.91861;-84.30439 33.91852;-84.30434 33.91843;-84.30429 33.91834;-84.30423 33.91825;-84.30417 33.91816;-84.30411 33.91807;-84.30405 33.91799;-84.30371 33.91756;-84.30354 33.91737;-84.30333 33.91712;-84.30335 33.9171;-84.30336 33.91707;-84.30336 33.91702;-84.30335 33.91698;-84.30334 33.91688;-84.30334 33.91678;-84.30334 33.91668;-84.30334 33.91658;-84.30336 33.91648;-84.30337 33.91642;-84.3034 33.91635;-84.30342 33.91629;-84.30345 33.91623;-84.3039 33.91551;-84.30438 33.91475;-84.30458 33.91443;-84.30462 33.91434
-84.302371 33.890409;-84.30246 33.89033;-84.30258 33.89024;-84.30289 33.89005;-84.30361 33.88967;-84.30456 33.88919
-84.30237 33.890409;-84.302371 33.890409
-84.30237 33.89041;-84.302371 33.890409
-84.30462 33.914339;-84.30467 33.914249;-84.30471 33.91415;-84.30475 33.91406;-84.30479 33.91396;-84.30482 33.91387;-84.30485 33.91377;-84.30488 33.91367;-84.30491 33.91357;-84.30494 33.91347;-84.30532 33.91137;-84.30537 33.91112;-84.30538 33.91102;-84.30539 33.91092;-84.3054 33.91081;-84.3054 33.91071;-84.3054 33.91061;-84.3054 33.9105;-84.30539 33.9104;-84.30538 33.9103;-84.30537 33.9102;-84.30535 33.9101;-84.30533 33.91;-84.3053 33.9099;-84.30527 33.90981;-84.30524 33.90971;-84.3052 33.90962;-84.30515 33.90953;-84.30502 33.90931;-84.30495 33.90921;-84.3049 33.90913;-84.30484 33.90906;-84.30478 33.90898;-84.30472 33.90891;-84.30466 33.90884;-84.30459 33.90878;-84.30407 33.90826;-84.30322 33.90741;-84.30295 33.90715;-84.30288 33.90708;-84.30281 33.907;-84.30274 33.90691;-84.30267 33.90683;-84.30261 33.90674;-84.30255 33.90665;-84.3025 33.90656;-84.30245 33.90647;-84.3024 33.90638;-84.30236 33.90629;-84.30232 33.90619;-84.30229 33.90609;-84.30226 33.90599;-84.30223 33.90589;-84.30221 33.90579;-84.30219 33.90569;-84.30218 33.90558;-84.30217 33.90548;-84.30217 33.90538;-84.30217 33.90527;-84.30218 33.90517;-84.30219 33.90507;-84.30221 33.90497;-84.30223 33.90486;-84.30225 33.90476;-84.30228 33.90466;-84.30232 33.90457;-84.30263 33.9039;-84.30279 33.90355;-84.30283 33.90346;-84.30286 33.90336;-84.30288 33.903259;-84.302889 33.90316
-84.30107 33.93558;-84.30117 33.93555;-84.30153 33.93548;-84.30189 33.9354;-84.3022 33.93533;-84.30234 33.93531;-84.30257 33.93528;-84.30272 33.93527;-84.30302 33.93525;-84.30342 33.93523;-84.30388 33.93521;-84.3042 33.93519;-84.3045 33.93517;-84.3049 33.93513;-84.30528 33.93508;-84.30538 33.93507;-84.30547 33.93505
-84.3003 33.935739;-84.30052 33.935699;-84.30107 33.935579
-84.315789 33.926619;-84.31584 33.926529;-84.315879 33.926439;-84.31591 33.926339
-84.29878 33.93584;-84.29915 33.93584;-84.29948 33.93582;-84.29977 33.93581;-84.29995 33.93579;-84.30015 33.93577;-84.30022 33.93576;-84.3003 33.93574
-84.2972 33.935869;-84.2978 33.935859;-84.29878 33.935839
-84.29589 33.93586;-84.29599 33.93587;-84.29624 33.93587;-84.29676 33.93587;-84.2972 33.93587
-84.2951 33.935849;-84.295689 33.935859;-84.295889 33.93586
-84.29395 33.93635;-84.29401 33.93583;-84.29473 33.93584;-84.2951 33.93585
-84.2936 33.93653;-84.29376 33.9366;-84.29392 33.93666;-84.29395 33.93635
-84.2936 33.93653;-84.29362 33.93652;-84.29365 33.93652;-84.29368 33.93651;-84.29372 33.93651;-84.29376 33.93651;-84.29379 33.93649;-84.29382 33.93647;-84.29385 33.93645;-84.29387 33.93641;-84.29389 33.93638;-84.29392 33.93636;-84.29395 33.93635
-84.28814 33.9365;-84.28823 33.93653;-84.28832 33.93655;-84.28841 33.93656;-84.2885 33.93658;-84.2886 33.93659;-84.28869 33.93659;-84.28875 33.93659;-84.28887 33.93659;-84.28923 33.93658;-84.29004 33.93654;-84.29091 33.93649;-84.29196 33.93644;-84.29276 33.93641;-84.29286 33.9364;-84.29295 33.9364;-84.29305 33.93641;-84.29315 33.93642;-84.29325 33.93644;-84.29334 33.93646;-84.29344 33.93648;-84.2936 33.93653
-84.28806 33.93647;-84.28814 33.9365
-84.287709 33.93631;-84.28779 33.936349;-84.287879 33.93639;-84.287959 33.936429;-84.288059 33.93647
-84.28665 33.937;-84.28727 33.93685;-84.28791 33.93671;-84.28796 33.93669;-84.28801 33.93667;-84.28805 33.93664;-84.28809 33.9366;-84.28812 33.93655;-84.28814 33.9365
-84.28602 33.937139;-84.28615 33.937109;-84.28665 33.936999
-84.28561 33.93727;-84.28569 33.93724;-84.28577 33.93721;-84.28585 33.93719;-84.28594 33.93716;-84.28602 33.93714
-84.285469 33.937329;-84.285559 33.93729;-84.285609 33.93727
-84.28528 33.93744;-84.28537 33.93738;-84.28547 33.93733
-84.28453 33.93801;-84.28461 33.93795;-84.28494 33.93769;-84.285189 33.9375;-84.285279 33.93744
-84.283999 33.93011;-84.284039 33.930209;-84.28408 33.93031;-84.28412 33.9304;-84.28422 33.93061;-84.28428 33.93074;-84.28451 33.93116;-84.28462 33.93135;-84.28468 33.93144;-84.28471 33.93148;-84.28506 33.93219;-84.28555 33.93309;-84.28658 33.93503;-84.28665 33.93518;-84.286829 33.935489;-84.28689 33.935579;-84.28695 33.935659;-84.287009 33.93574;-84.28708 33.93582;-84.28716 33.9359;-84.28723 33.93597;-84.28731 33.93604;-84.28739 33.9361;-84.28747 33.93615;-84.28755 33.93621;-84.28763 33.93626;-84.28771 33.93631
-84.2826 33.92547;-84.28305 33.9265;-84.283189 33.92682;-84.28326 33.92699;-84.2833 33.92709;-84.28333 33.92718;-84.28337 33.92728;-84.28339 33.92737;-84.28342 33.92747;-84.28347 33.92766;-84.28351 33.92779;-84.28353 33.9279;-84.28355 33.92802;-84.28375 33.92907;-84.28381 33.92936;-84.28389 33.92971;-84.28392 33.92981;-84.28394 33.92991;-84.28397 33.93001;-84.284 33.93011
-84.281789 33.92383;-84.281829 33.923839;-84.282211 33.924647;-84.282599 33.92547
-84.281149 33.923889;-84.281349 33.923729;-84.281409 33.923729;-84.28148 33.92371;-84.28154 33.9237;-84.28161 33.92371;-84.28167 33.92374;-84.28176 33.92381;-84.28179 33.92383
-84.281 33.924;-84.28107 33.92394;-84.28115 33.92389
-84.280839 33.92411;-84.280919 33.924059;-84.280999 33.923999
-84.28076 33.92417;-84.28084 33.92411
-84.280109 33.92457;-84.280259 33.924489;-84.28044 33.924379;-84.280679 33.924229;-84.280759 33.92417
-84.27744 33.925819;-84.277939 33.925599;-84.2782 33.92549;-84.27833 33.92542;-84.27846 33.92536;-84.27874 33.92524;-84.27916 33.92506;-84.27936 33.92496;-84.27959 33.92485;-84.27982 33.92473;-84.28011 33.92457
-84.27134 33.94184;-84.27142 33.94186;-84.27147 33.94188;-84.27179 33.94143;-84.27185 33.94135;-84.27195 33.94125;-84.27216 33.94105;-84.27227 33.94095;-84.2724 33.94088;-84.27249 33.94083;-84.27259 33.94079;-84.27269 33.94075;-84.27279 33.94073;-84.27289 33.94071;-84.27335 33.94062;-84.27535 33.94041;-84.27576 33.94036;-84.27662 33.94027;-84.27712 33.94023;-84.27757 33.94019;-84.27829 33.94016;-84.27859 33.94014;-84.27885 33.94012;-84.27896 33.94011;-84.27908 33.94009;-84.27919 33.94008;-84.2793 33.94006;-84.2794 33.94004;-84.27951 33.94002;-84.2799 33.93994;-84.28016 33.93988;-84.28073 33.93976;-84.28151 33.93958;-84.28221 33.93944;-84.28248 33.93937;-84.28272 33.939309;-84.28291 33.93926;-84.28297 33.93924;-84.28306 33.93918;-84.28316 33.93913;-84.28325 33.93907;-84.28334 33.93901;-84.28342 33.93895;-84.28351 33.93889;-84.28387 33.93857;-84.284089 33.938379;-84.284529 33.93801
-84.2712 33.941809;-84.271249 33.941829;-84.27134 33.941839
-84.27082 33.94131;-84.27087 33.94139;-84.27092 33.94149;-84.27095 33.94154;-84.27105 33.94167;-84.27111 33.94176;-84.27115 33.94179;-84.2712 33.94181
-84.270529 33.94089;-84.270589 33.940969;-84.27065 33.941049;-84.270709 33.94114;-84.27076 33.941219;-84.270819 33.94131
-84.27047 33.94081;-84.27053 33.94089
-84.27025 33.92892;-84.27088 33.92865;-84.27155 33.92837;-84.27215 33.9281;-84.27287 33.92778;-84.27356 33.92749;-84.27428 33.92718;-84.27504 33.92686;-84.2753 33.92675;-84.27554 33.92664;-84.27657 33.9262;-84.27744 33.92582
-84.26982 33.929109;-84.269863 33.92909;-84.270249 33.92892
-84.268239 33.93797;-84.268309 33.938049;-84.26837 33.938139;-84.268429 33.93822;-84.2685 33.9383;-84.268559 33.938389;-84.26863 33.93847;-84.26889 33.93881;-84.26933 33.93938;-84.26956 33.93965;-84.26982 33.93998;-84.26999 33.94021;-84.270149 33.940429;-84.270399 33.94073;-84.270469 33.940809
-84.26821 33.92978;-84.26873 33.92957;-84.2694 33.92929;-84.26952 33.92924;-84.26982 33.92911
-84.268209 33.92978;-84.2682 33.929784;-84.267709 33.92999;-84.267369 33.930139;-84.26724 33.930189;-84.26564 33.930899;-84.26546 33.930979;-84.26542 33.93102;-84.26526 33.93112;-84.2652 33.93118;-84.26516 33.93124;-84.26513 33.93131;-84.26512 33.93138;-84.26512 33.93146;-84.26511 33.93157;-84.265099 33.931619;-84.26507 33.93166;-84.265099 33.93176;-84.26513 33.93186;-84.26517 33.93196;-84.2652 33.93206;-84.26524 33.93216;-84.26528 33.93226;-84.26532 33.93235;-84.26541 33.93256;-84.26557 33.93291;-84.26588 33.93357;-84.26604 33.9339;-84.26615 33.93414;-84.26625 33.93435;-84.26636 33.93456;-84.26643 33.93469;-84.26681 33.93547;-84.26724 33.93634;-84.26747 33.93681;-84.26783 33.93739;-84.26791 33.93752;-84.26796 33.93759;-84.26802 33.93767;-84.26807 33.93774;-84.26812 33.93781;-84.26818 33.93788;-84.26824 33.93797
