-84.27203 33.90857;-84.27229 33.90831;-84.27237 33.90824;-84.27249 33.90813;-84.27309 33.9077;-84.27411 33.907;-84.27494 33.90642;-84.27539 33.90612;-84.27547 33.90606;-84.27555 33.90599;-84.27563 33.90592;-84.2757 33.90585;-84.27577 33.90577;-84.27584 33.90569;-84.2759 33.90561;-84.27596 33.90553;-84.27602 33.90544;-84.27607 33.90535;-84.27612 33.90526;-84.27625 33.90504;-84.27657 33.90463;-84.27665 33.90455;-84.27682 33.90436;-84.27699 33.90422;-84.27708 33.90415;-84.2772 33.90407;-84.27736 33.90396;-84.27841 33.9033;-84.27902 33.90292;-84.279346 33.903189;-84.28048 33.902303
-84.28036 33.92377;-84.28067 33.92354;-84.28096 33.92328;-84.28117 33.92311;-84.28117 33.92307;-84.28122 33.92294;-84.28124 33.92285;-84.28125 33.92277;-84.28124 33.92265;-84.28122 33.92255;-84.2812 33.92248;-84.2812 33.92243;-84.28122 33.92239;-84.2811 33.92212;-84.28087 33.92161;-84.28068 33.92123;-84.28055 33.92096;-84.2805 33.92086;-84.28046 33.92076
-84.28021 33.92009;-84.28024 33.9202;-84.2803 33.92036;-84.28033 33.92046;-84.28037 33.92056
-84.28017 33.919899;-84.280174 33.919921;-84.28021 33.920089
-84.27916 33.924469;-84.279269 33.92442;-84.27972 33.92417;-84.28004 33.923979;-84.28036 33.923769
-84.27793 33.918739;-84.278019 33.918749;-84.2781 33.91876;-84.27878 33.9188;-84.27999 33.91886;-84.28 33.91898;-84.28001 33.91908;-84.28003 33.91919;-84.28004 33.91929;-84.28006 33.91939;-84.28008 33.91949;-84.28011 33.91959;-84.28017 33.9199
-84.27766 33.91863;-84.2777 33.91865;-84.27775 33.91868;-84.2778 33.9187;-84.27786 33.91872;-84.27793 33.91874
-84.277489 33.918539;-84.27759 33.918599;-84.277659 33.918629
-84.275059 33.926219;-84.275389 33.926069;-84.276739 33.92549;-84.2783 33.924819;-84.27841 33.92477;-84.27863 33.92468;-84.27886 33.92458;-84.27899 33.92453;-84.27916 33.92447
-84.28037 33.920559;-84.280409 33.920659;-84.280459 33.92076
-84.271179 33.909469;-84.271649 33.908949;-84.27203 33.908569
-84.27097 33.91531;-84.27143 33.91568;-84.27152 33.91575;-84.27171 33.91589;-84.2718 33.91594;-84.27189 33.916;-84.27198 33.91605;-84.27208 33.9161;-84.27217 33.91614;-84.27235 33.91621;-84.27268 33.91635;-84.2729 33.91643;-84.27313 33.91651;-84.27336 33.91657;-84.27382 33.91668;-84.27391 33.9167;-84.27401 33.91673;-84.2741 33.91675;-84.27419 33.91678;-84.27428 33.91682;-84.27437 33.91686;-84.27446 33.9169;-84.27486 33.9171;-84.27526 33.91729;-84.27599 33.91768;-84.27657 33.918;-84.27683 33.91814;-84.27703 33.91825;-84.27714 33.91833;-84.27723 33.91838;-84.27749 33.91854
-84.27062 33.90992;-84.27071 33.90986;-84.27079 33.90981;-84.27087 33.90974;-84.27095 33.90968;-84.27103 33.90961;-84.271099 33.909549;-84.27118 33.90947
-84.27044 33.910019;-84.27053 33.909969;-84.270619 33.90992
-84.270239 33.914789;-84.270309 33.914819;-84.270379 33.91485;-84.270439 33.91488;-84.270969 33.915309
-84.270199 33.92346;-84.270201 33.92353;-84.270209 33.92388
-84.27017 33.9244;-84.27018 33.92429;-84.2702 33.924189;-84.2702 33.92409;-84.27021 33.92398;-84.27021 33.92388
-84.27014 33.92213;-84.27017 33.92271;-84.2702 33.92346
-84.270129 33.9246;-84.270149 33.9245;-84.270169 33.9244
-84.27012 33.91477;-84.27024 33.91479
-84.270119 33.92148;-84.270139 33.92211;-84.270139 33.92213
-84.270099 33.91528;-84.270102 33.915214;-84.27012 33.914769
-84.27004 33.92097;-84.27006 33.92107;-84.27008 33.92117;-84.2701 33.92127;-84.270109 33.921379;-84.270119 33.921479
-84.27001 33.91022;-84.27026 33.91011;-84.27035 33.91007;-84.27044 33.91002
-84.269979 33.92077;-84.27001 33.920869;-84.270039 33.920969
-84.26945 33.91959;-84.26953 33.91966;-84.2696 33.91974;-84.26966 33.91982;-84.26982 33.92003;-84.26986 33.92011;-84.26988 33.92019;-84.26988 33.92034;-84.26998 33.92077
-84.26945 33.92603;-84.26958 33.92585;-84.26964 33.92578;-84.2697 33.92569;-84.26975 33.92561;-84.2698 33.92553;-84.26984 33.92544;-84.26988 33.92535;-84.2699 33.92531;-84.26994 33.92523;-84.27 33.92506;-84.27006 33.92486;-84.27013 33.9246
-84.269289 33.91946;-84.269379 33.91953;-84.269449 33.91959
-84.269289 33.92622;-84.269301 33.926206;-84.269449 33.92603
-84.26897 33.91928;-84.26921 33.91941;-84.26929 33.91946
-84.26897 33.91928;-84.26912 33.91915;-84.2692 33.91909;-84.26928 33.91904;-84.26937 33.919;-84.26947 33.91897;-84.2696 33.91895;-84.26974 33.91894;-84.27003 33.91893;-84.27003 33.91865;-84.27004 33.91776;-84.27006 33.91684;-84.27008 33.91586;-84.2701 33.91528
-84.26893 33.910579;-84.269759 33.910309;-84.27001 33.910219
-84.26863 33.92686;-84.26876 33.92675;-84.26904 33.92648;-84.26929 33.92622
-84.267839 33.92761;-84.26821 33.927249;-84.268629 33.92686
-84.26781 33.91863;-84.26897 33.91928
-84.267529 33.91845;-84.267659 33.91853;-84.267809 33.91863
-84.26738 33.92954;-84.26786 33.92934;-84.26886 33.92891;-84.26915 33.92877;-84.26936 33.92868;-84.26975 33.92851;-84.27023 33.92831;-84.27067 33.92811;-84.2713 33.92784;-84.27194 33.92756;-84.27251 33.92731;-84.27311 33.92705;-84.27388 33.92673;-84.27397 33.92669;-84.27436 33.92652;-84.27506 33.92622
-84.26737 33.91848;-84.26743 33.91854;-84.26757 33.91863;-84.2681 33.91894;-84.26887 33.91938;-84.26897 33.91928
-84.26686 33.929759;-84.26715 33.929629;-84.267379 33.92954
-84.26663 33.91716;-84.26677 33.91753;-84.26694 33.91781;-84.26699 33.91789;-84.26705 33.91797;-84.26712 33.91804;-84.26718 33.91811;-84.26725 33.91818;-84.26732 33.91825;-84.26739 33.91832;-84.26746 33.91838;-84.26753 33.91845
-84.26641 33.91697;-84.26648 33.91717;-84.26659 33.91748;-84.26663 33.91757;-84.26668 33.91766;-84.26673 33.91775;-84.26679 33.91783;-84.26684 33.91792;-84.26691 33.918;-84.26697 33.91808;-84.26704 33.91816;-84.26711 33.91823;-84.2672 33.91833;-84.26727 33.918389;-84.26737 33.918479
-84.266109 33.91562;-84.266275 33.91611;-84.266629 33.91716
-84.265919 33.91549;-84.266156 33.916203;-84.266409 33.91697
-84.2657 33.930259;-84.265989 33.930129;-84.26626 33.93002;-84.26652 33.92992;-84.26665 33.92985;-84.26686 33.92976
-84.26559 33.92873;-84.26568 33.92868;-84.26576 33.92862;-84.26585 33.92858;-84.26593 33.92853;-84.26602 33.92849;-84.26611 33.92846;-84.26621 33.92842;-84.26639 33.92836;-84.2668 33.92822;-84.26707 33.92812;-84.26717 33.92807;-84.26733 33.92798;-84.26748 33.92789;-84.26756 33.92783;-84.26763 33.92778;-84.2677 33.92773;-84.26777 33.92767;-84.26784 33.92761
-84.265509 33.9288;-84.265547 33.928767;-84.265589 33.92873
-84.26519 33.91294;-84.26529 33.91325;-84.265429 33.91362;-84.26551 33.91385;-84.26594 33.91511;-84.26611 33.91562
-84.26505 33.9126;-84.26537 33.91217;-84.26546 33.91206;-84.26561 33.91192;-84.2657 33.91183;-84.26585 33.91172;-84.26594 33.91165;-84.26603 33.9116;-84.26612 33.91154;-84.26622 33.91149;-84.26631 33.91145;-84.26642 33.91142;-84.26761 33.91101;-84.26811 33.91085;-84.26893 33.91058
-84.26505 33.9126;-84.26511 33.912759;-84.265189 33.91294
-84.26505 33.912599;-84.26505 33.9126
-84.26592 33.91549;-84.26541 33.91392;-84.26497 33.91271;-84.26505 33.9126;-84.26505 33.9126
-84.264909 33.92954;-84.264959 33.92945;-84.265009 33.929359;-84.26507 33.929269;-84.265129 33.929189;-84.26518 33.92911;-84.26527 33.929;-84.26535 33.92893;-84.26542 33.92886;-84.26551 33.9288
-84.2657 33.93026;-84.26532 33.93042;-84.26528 33.93041;-84.2652 33.9304;-84.26511 33.93039;-84.26504 33.93037;-84.26499 33.93034;-84.26492 33.93029;-84.26488 33.93024;-84.26482 33.9302;-84.26474 33.93017;-84.26474 33.93001;-84.26475 33.92992;-84.26477 33.92985;-84.2648 33.92979;-84.26483 33.92972;-84.26487 33.92963;-84.26491 33.92954
