-84.21721 33.73676;-84.21838 33.7368;-84.21957 33.73682;-84.22054 33.73685;-84.2212 33.73687;-84.22175 33.73688;-84.22295 33.73691;-84.22415 33.73696;-84.22763 33.73707;-84.228 33.73708;-84.22895 33.73713;-84.22969 33.73715;-84.22988 33.73715;-84.23011 33.73715;-84.23028 33.73715;-84.23067 33.73718;-84.23088 33.73719;-84.2313 33.7372;-84.23165 33.73721;-84.23228 33.73724;-84.23297 33.73727;-84.23428 33.73732;-84.23608 33.7374;-84.23719 33.73744;-84.23774 33.73746;-84.242 33.73764;-84.24385 33.73773;-84.24446 33.73775;-84.24473 33.73777;-84.24505 33.73778;-84.24574 33.73779;-84.24623 33.73781;-84.24844 33.73785;-84.25091 33.7379;-84.25199 33.73793;-84.25412 33.73799;-84.2554 33.73801;-84.25671 33.73803;-84.25718 33.73804;-84.25808 33.73805;-84.25905 33.73806;-84.25945 33.73807;-84.26041 33.73808;-84.26142 33.73809;-84.26179 33.7381;-84.26343 33.73812;-84.26495 33.73815;-84.26679 33.73818;-84.26828 33.73821;-84.26904 33.73822;-84.27075 33.73827;-84.27157 33.73829;-84.2735 33.73834;-84.27441 33.73837;-84.27574 33.73841;-84.27753 33.73846;-84.28032 33.73854;-84.28294 33.73862;-84.28336 33.73863;-84.28549 33.7387;-84.286 33.73872;-84.2871 33.73876;-84.28809 33.73878;-84.28864 33.7388;-84.28939 33.73884;-84.29028 33.73887;-84.29055 33.73888;-84.29117 33.7389;-84.29345 33.739;-84.29364 33.73901;-84.29384 33.73904;-84.29394 33.73905;-84.29404 33.73907;-84.29414 33.73909;-84.29423 33.73911;-84.29433 33.73914;-84.29443 33.73916;-84.29452 33.73919;-84.29462 33.73921;-84.29471 33.73924;-84.29481 33.73927;-84.29493 33.73931;-84.29543 33.73948;-84.29551 33.73951;-84.29565 33.73953;-84.29575 33.73956;-84.29585 33.73958;-84.29595 33.73961;-84.29605 33.73963;-84.29615 33.73964;-84.29625 33.73966;-84.29635 33.73967;-84.29645 33.73969;-84.29655 33.7397;-84.29666 33.73971;-84.29676 33.73972;-84.29686 33.73972;-84.29696 33.73973;-84.29741 33.73974;-84.29782 33.73975;-84.29947 33.73979;-84.29997 33.7398;-84.30042 33.73982;-84.30282 33.73987;-84.30364 33.73989;-84.3037 33.7399;-84.30509 33.73993;-84.30658 33.73997;-84.30804 33.74;-84.30967 33.74004;-84.31113 33.74008;-84.31244 33.74011;-84.31357 33.74015;-84.31389 33.74016;-84.3166 33.74026;-84.31822 33.74032;-84.31894 33.74034;-84.31914 33.74033;-84.31933 33.74032;-84.31951 33.7403;-84.31971 33.74026;-84.31988 33.74022;-84.32016 33.74014;-84.32057 33.73998;-84.32078 33.7399;-84.32096 33.73983;-84.32105 33.7398;-84.32115 33.73977;-84.32125 33.73975;-84.32136 33.73973;-84.32146 33.73972;-84.32156 33.73971;-84.32166 33.7397;-84.32185 33.7397;-84.32207 33.7397;-84.3262 33.7398;-84.32702 33.73982;-84.32722 33.73982;-84.32736 33.73981;-84.32753 33.73982;-84.32782 33.73982;-84.32819 33.73982;-84.32864 33.73983;-84.32918 33.73985;-84.32941 33.73986;-84.32963 33.73987;-84.33215 33.73993;-84.33342 33.73997;-84.33503 33.74001;-84.33608 33.74003;-84.33714 33.74005;-84.33747 33.74004;-84.33834 33.74005;-84.33934 33.74006;-84.33998 33.74007;-84.34061 33.74008;-84.34133 33.7401;-84.34288 33.74012;-84.34315 33.74013;-84.34436 33.74013;-84.3454 33.74014;-84.34581 33.74014;-84.34689 33.74016;-84.34803 33.74018;-84.34927 33.74019;-84.34927 33.74035;-84.34925 33.74139;-84.34925 33.74209;-84.34924 33.74319;-84.34923 33.74335;-84.34923 33.74399;-84.34923 33.74434;-84.34923 33.74471;-84.34923 33.74505;-84.34923 33.74515;-84.34923 33.74527;-84.34923 33.74554;-84.34922 33.74609;-84.34922 33.74655;-84.34922 33.74703;-84.34922 33.7476;-84.34922 33.74808;-84.34922 33.74824;-84.34922 33.74933;-84.34923 33.75014;-84.34924 33.75106;-84.34923 33.75241;-84.34921 33.75354;-84.34919 33.75541;-84.34918 33.75621;-84.34917 33.7576;-84.34917 33.75817
-84.34917 33.75817;-84.3493 33.7583;-84.34941 33.75839;-84.34959 33.75844
-84.34959 33.75844;-84.34917 33.75847;-84.34917 33.75817
-84.25145 33.77169;-84.25151 33.772262;-84.25251 33.772272
-84.251399 33.7653;-84.251429 33.76546;-84.251439 33.76576
-84.25127 33.764729;-84.251299 33.76484;-84.25134 33.76497;-84.25136 33.76508;-84.25138 33.76517;-84.2514 33.7653
-84.2511 33.76429;-84.25121 33.76453;-84.25127 33.76473
-84.250719 33.76363;-84.25086 33.763849;-84.25092 33.76395;-84.25101 33.764099;-84.251099 33.764289
-84.25144 33.76576;-84.25145 33.76606;-84.25143 33.76636;-84.25139 33.76696;-84.25137 33.76731;-84.25137 33.76757;-84.25139 33.76782;-84.25142 33.76799;-84.25145 33.76814;-84.25148 33.76827;-84.25152 33.76842;-84.25157 33.76857;-84.25123 33.76906;-84.24991 33.77124;-84.24943 33.77204;-84.24991 33.77193;-84.25041 33.77183;-84.25074 33.77176;-84.25101 33.77173;-84.251219 33.771699;-84.251449 33.77169
-84.24824 33.76181;-84.24883 33.76206;-84.24928 33.76229;-84.24937 33.76234;-84.24946 33.7624;-84.24955 33.76246;-84.24964 33.76252;-84.24973 33.76258;-84.24981 33.76265;-84.2499 33.76272;-84.24998 33.76279;-84.25006 33.76286;-84.25013 33.76293;-84.25021 33.76301;-84.25042 33.76325;-84.25059 33.76346;-84.25072 33.76363
-84.247579 33.76158;-84.247769 33.761639;-84.247929 33.761699;-84.248239 33.76181
-84.243049 33.760349;-84.243509 33.760469;-84.24435 33.7607;-84.24487 33.76083;-84.24595 33.76112;-84.24724 33.76148;-84.24743 33.76154;-84.24758 33.76158
-84.24102 33.75933;-84.24121 33.75947;-84.24144 33.75963;-84.24167 33.75978;-84.24195 33.75993;-84.24219 33.76005;-84.24236 33.76012;-84.24251 33.76018;-84.2427 33.76025;-84.24305 33.76035
-84.23916 33.757489;-84.23992 33.758229;-84.24102 33.759329
-84.23737 33.7558;-84.2376 33.75599;-84.23796 33.75631;-84.23833 33.75665;-84.23858 33.75691;-84.23916 33.75749
-84.2371 33.75529;-84.23725 33.75554;-84.23735 33.75569;-84.23737 33.75573;-84.23737 33.75577;-84.23737 33.7558
-84.2371 33.75529;-84.23709 33.75532;-84.23708 33.75535;-84.23709 33.75537;-84.23708 33.7554;-84.23707 33.75543;-84.23705 33.75545;-84.23702 33.75546;-84.23699 33.75546;-84.23696 33.75546;-84.23693 33.75546;-84.23691 33.75546;-84.23737 33.7558
-84.23423 33.7509;-84.23431 33.75097;-84.23439 33.75103;-84.23447 33.75109;-84.23455 33.75116;-84.23462 33.75123;-84.23469 33.7513;-84.23487 33.75152;-84.23503 33.75173;-84.23519 33.75195;-84.23535 33.75221;-84.23558 33.75258;-84.23574 33.75287;-84.23614 33.7536;-84.23655 33.75434;-84.2371 33.75529
-84.23398 33.75075;-84.234139 33.750849;-84.23423 33.750899
-84.23398 33.75075;-84.23398 33.75075
-84.233979 33.750749;-84.23398 33.75075
-84.23182 33.75064;-84.23228 33.75064;-84.232919 33.750629;-84.23321 33.75064;-84.23357 33.75064;-84.23367 33.75065;-84.23378 33.75065;-84.23389 33.75065;-84.23399 33.75066;-84.23398 33.75075
-84.23146 33.750649;-84.231669 33.75065;-84.231819 33.75064
-84.34959 33.75844;-84.34984 33.75839;-84.35019 33.75836;-84.35095 33.75821;-84.35136 33.75793;-84.3531 33.75664
-84.21698 33.7371;-84.21703 33.73718;-84.21707 33.73724;-84.21719 33.73742;-84.21725 33.73754;-84.21734 33.73771;-84.21748 33.73803;-84.21761 33.73833;-84.21765 33.73848;-84.21775 33.73876;-84.21783 33.73907;-84.21801 33.73995;-84.2182 33.74098;-84.21873 33.74377;-84.21875 33.74386;-84.21877 33.74395;-84.2188 33.74404;-84.21883 33.74413;-84.21886 33.74422;-84.2189 33.7443;-84.21894 33.74439;-84.21898 33.74447;-84.21903 33.74457;-84.21908 33.74466;-84.21913 33.74475;-84.21919 33.74484;-84.21925 33.74493;-84.2193 33.74501;-84.21937 33.7451;-84.21943 33.74518;-84.2195 33.74526;-84.21956 33.74534;-84.21963 33.74542;-84.21971 33.7455;-84.21978 33.74557;-84.21986 33.74564;-84.21993 33.74571;-84.22001 33.74578;-84.22009 33.74585;-84.22018 33.74591;-84.22026 33.74597;-84.22035 33.74603;-84.22044 33.74609;-84.22053 33.74615;-84.22062 33.7462;-84.22071 33.74625;-84.22146 33.74667;-84.22238 33.74721;-84.22535 33.74889;-84.22761 33.75017;-84.2285 33.75068;-84.22853 33.75066;-84.22855 33.75065;-84.22859 33.75065;-84.22871 33.75065;-84.22899 33.75065;-84.22915 33.75066;-84.22921 33.75067;-84.23085 33.75065;-84.2312 33.75065;-84.23146 33.75065
-84.21698 33.7371;-84.217 33.73707;-84.21701 33.73704;-84.21702 33.73697;-84.21702 33.73694;-84.21704 33.73691;-84.21705 33.73688;-84.21707 33.73686;-84.2171 33.73684;-84.21712 33.73683;-84.21715 33.73682;-84.21718 33.7368;-84.21721 33.73676
-84.21698 33.7371;-84.21678 33.73682;-84.21686 33.7368;-84.21694 33.73678;-84.21702 33.73677;-84.21711 33.73676;-84.21721 33.73676
