-84.24002 33.77153;-84.24012 33.77151;-84.24021 33.77149;-84.2403 33.77146;-84.2404 33.77144;-84.24049 33.77141;-84.24058 33.77137;-84.2409 33.77126;-84.24107 33.77119;-84.24119 33.77116;-84.24139 33.7711;-84.24155 33.77106;-84.2417 33.77103;-84.24181 33.77102;-84.24191 33.77101;-84.24202 33.771;-84.24212 33.771;-84.24223 33.771;-84.24233 33.77101;-84.24244 33.77101;-84.24254 33.77103;-84.24264 33.77104;-84.24275 33.77106;-84.24285 33.77109;-84.24295 33.77111;-84.2438 33.77131;-84.24478 33.77153;-84.24579 33.77176;-84.24679 33.77199;-84.24742 33.77213;-84.2476 33.77216;-84.24783 33.77219;-84.24806 33.7722;-84.24823 33.7722;-84.24838 33.7722;-84.24851 33.77219;-84.24866 33.77218;-84.24877 33.77216;-84.24889 33.77214;-84.24913 33.7721;-84.24943 33.77204;-84.24991 33.77193;-84.25041 33.77183;-84.25074 33.77176;-84.25101 33.77173;-84.25122 33.7717;-84.25145 33.77169;-84.251792 33.772218;-84.253598 33.772085
-84.23983 33.771559;-84.239919 33.771549;-84.240019 33.77153
-84.238809 33.771489;-84.23898 33.771529;-84.23914 33.77155;-84.23936 33.77157;-84.2396 33.77157;-84.23983 33.77156
-84.23541 33.76935;-84.23579 33.76979;-84.23586 33.76987;-84.23593 33.76995;-84.23601 33.77003;-84.23608 33.7701;-84.23616 33.77017;-84.23625 33.77024;-84.23633 33.77031;-84.23642 33.77037;-84.23651 33.77043;-84.2366 33.77048;-84.2367 33.77054;-84.23687 33.77063;-84.23741 33.77088;-84.238 33.77117;-84.23809 33.77121;-84.23818 33.77126;-84.23826 33.7713;-84.23835 33.77134;-84.23844 33.77137;-84.23853 33.77141;-84.23863 33.77144;-84.23872 33.77147;-84.23881 33.77149
-84.234739 33.768529;-84.234774 33.768571;-84.23541 33.769349
-84.23379 33.76679;-84.23382 33.76685;-84.23384 33.76691;-84.23394 33.76711;-84.23408 33.76742;-84.23431 33.76788;-84.23445 33.76812;-84.23455 33.76828;-84.23474 33.76853
-84.233709 33.76649;-84.233759 33.76666;-84.23379 33.766789
-84.2337 33.76409;-84.23372 33.76411
-84.233679 33.76404;-84.23368 33.764069;-84.233699 33.764089
-84.23371 33.76649;-84.23367 33.76626;-84.23366 33.7661;-84.23366 33.76592;-84.23368 33.76523;-84.23371 33.76431;-84.23372 33.76411
-84.23323 33.76372;-84.23373 33.76372;-84.23372 33.76411
-84.23368 33.76404;-84.23367 33.76401;-84.23367 33.76397;-84.23365 33.76391;-84.23362 33.76387;-84.23358 33.76383;-84.23354 33.7638;-84.23349 33.76378;-84.23343 33.76377;-84.23336 33.76377;-84.23329 33.76376;-84.23325 33.76376;-84.23323 33.76374;-84.23323 33.76372
-84.22972 33.76371;-84.23001 33.76372;-84.23044 33.76373;-84.23232 33.76373;-84.23249 33.76373;-84.23323 33.76372
-84.229219 33.76367;-84.229479 33.763689;-84.229719 33.76371
-84.2286 33.76361;-84.22892 33.76364;-84.22922 33.76367
-84.2286 33.76361;-84.228609 33.76389;-84.228619 33.76452;-84.228619 33.76499
-84.22847 33.766169;-84.22851 33.766079;-84.22854 33.76599;-84.22857 33.76589;-84.22858 33.7658;-84.22859 33.76568;-84.2286 33.76555;-84.22862 33.76499
-84.228369 33.76633;-84.228429 33.766249;-84.22847 33.76617
-84.22786 33.76687;-84.2282 33.76654;-84.22837 33.76633
-84.22785 33.76958;-84.22785 33.769579
-84.22785 33.76958;-84.22785 33.76958
-84.22784 33.76944;-84.22785 33.76958
-84.22785 33.76958;-84.227839 33.769739;-84.22784 33.7699;-84.229526 33.769874
-84.227779 33.76898;-84.227819 33.769289;-84.227839 33.76944
-84.22773 33.767029;-84.227789 33.76694;-84.227859 33.766869
-84.22778 33.76898;-84.22767 33.76837;-84.22758 33.7678;-84.22756 33.7677;-84.22756 33.7676;-84.22756 33.7675;-84.22758 33.7674;-84.2276 33.7673;-84.22764 33.7672;-84.22768 33.76711;-84.22773 33.76703
-84.22603 33.7634;-84.22613 33.7634;-84.226239 33.7634;-84.22635 33.76341;-84.22645 33.76341;-84.22656 33.76342;-84.22692 33.76345;-84.22762 33.76351;-84.2286 33.76361
-84.225809 33.76341;-84.225919 33.763409;-84.22603 33.763399
-84.225389 33.763449;-84.225489 33.763439;-84.2256 33.76343;-84.22571 33.76342;-84.22581 33.76341
-84.21966 33.76308;-84.22014 33.76325;-84.22064 33.76341;-84.22096 33.76352;-84.22125 33.7636;-84.22143 33.76364;-84.22165 33.76368;-84.22185 33.76371;-84.2221 33.76373;-84.22245 33.76374;-84.22282 33.76375;-84.22303 33.76375;-84.22323 33.76375;-84.22342 33.76374;-84.22369 33.76371;-84.22411 33.76366;-84.2244 33.76361;-84.22474 33.76356;-84.22507 33.7635;-84.22539 33.76345
-84.218899 33.762869;-84.219249 33.76296;-84.21966 33.763079
-84.215189 33.76238;-84.215529 33.762389;-84.215899 33.7624;-84.216129 33.762419;-84.21647 33.76245;-84.2167 33.76247;-84.21694 33.7625;-84.21707 33.76252;-84.21811 33.76271;-84.2189 33.76287
-84.21312 33.76239;-84.21321 33.76238;-84.21331 33.76237;-84.21341 33.76236;-84.21351 33.76236;-84.21361 33.76235;-84.2137 33.76235;-84.2138 33.76235;-84.2139 33.76235;-84.21421 33.76235;-84.21519 33.76238
-84.212919 33.76242;-84.213019 33.76241;-84.213119 33.762389
-84.207419 33.76371;-84.207679 33.7637;-84.2078 33.7637;-84.20794 33.76369;-84.20823 33.76365;-84.20845 33.76362;-84.20871 33.76357;-84.20912 33.76346;-84.209789 33.76327;-84.210949 33.762939;-84.21245 33.76252;-84.21268 33.76247;-84.21282 33.76244;-84.21292 33.76242
-84.207419 33.76371;-84.20742 33.76371
-84.207419 33.76371;-84.207419 33.76371
-84.20231 33.76357;-84.20256 33.76359;-84.20296 33.7636;-84.20374 33.76362;-84.20402 33.76362;-84.20607 33.76367;-84.20707 33.7637;-84.207419 33.76371
-84.19658 33.76178;-84.197 33.76188;-84.19784 33.7621;-84.19839 33.76226;-84.19857 33.76231;-84.19871 33.76236;-84.19933 33.76266;-84.19984 33.7629;-84.20043 33.76315;-84.20087 33.7633;-84.20106 33.76335;-84.20124 33.7634;-84.20146 33.76344;-84.20167 33.76348;-84.20205 33.763539;-84.202309 33.763569
-84.196319 33.76358;-84.19636 33.763479;-84.196449 33.7628;-84.196579 33.76178
-84.196289 33.763639;-84.19632 33.76358
-84.19609 33.764259;-84.196129 33.764159;-84.196159 33.76406;-84.19619 33.76396;-84.196249 33.76373;-84.196289 33.76364
-84.195639 33.78637;-84.195649 33.78648;-84.19566 33.78658;-84.19566 33.78669;-84.195649 33.786899
-84.19559 33.788879;-84.19559 33.78877;-84.1956 33.78866;-84.19561 33.78855;-84.19561 33.78845;-84.19561 33.78834;-84.19561 33.78823;-84.19561 33.788129;-84.1956 33.7877;-84.19559 33.78738;-84.195619 33.78707;-84.19565 33.786899
-84.19559 33.78888;-84.19559 33.788879
-84.195559 33.789089;-84.19557 33.78898;-84.19559 33.788879
-84.1955 33.78951;-84.19552 33.78941;-84.195529 33.7893;-84.19555 33.78919;-84.19556 33.78909
-84.195069 33.766069;-84.195139 33.765939;-84.19525 33.76575;-84.19534 33.765589;-84.195479 33.765319;-84.195619 33.7651;-84.1959 33.764649;-84.19595 33.76455;-84.196 33.76446;-84.19604 33.76436;-84.19609 33.76426
-84.19498 33.791299;-84.19534 33.79008;-84.1955 33.789509
-84.19485 33.78444;-84.19491 33.78451;-84.19496 33.78458;-84.19501 33.784659;-84.19506 33.78474;-84.19511 33.78481;-84.19516 33.78489;-84.195259 33.78506;-84.195349 33.78526;-84.19539 33.78536;-84.19543 33.78545;-84.19547 33.78555;-84.1955 33.78565;-84.195529 33.78575;-84.19555 33.78586;-84.195579 33.785959;-84.1956 33.78606;-84.195619 33.786159;-84.19563 33.78627;-84.19564 33.78637
-84.19409 33.793769;-84.19443 33.792809;-84.19462 33.79232;-84.19489 33.79152;-84.19498 33.7913
-84.194059 33.783469;-84.194097 33.783536;-84.194109 33.783559;-84.19417 33.78365;-84.19423 33.78373;-84.194849 33.78444
-84.19392 33.79429;-84.19401 33.793989;-84.194089 33.793769
-84.19384 33.76912;-84.19385 33.76952;-84.193919 33.77116;-84.19393 33.77139;-84.19393 33.77168;-84.19394 33.77177;-84.19394 33.77209;-84.193959 33.772259;-84.193959 33.77256;-84.19395 33.7727;-84.19394 33.77308;-84.19394 33.77318;-84.19393 33.77327;-84.193919 33.77337;-84.1939 33.773469;-84.19389 33.77357;-84.193869 33.77366;-84.19386 33.773759
-84.19384 33.769119;-84.19383 33.768879;-84.193819 33.76879;-84.19382 33.768699;-84.193829 33.768609;-84.19384 33.768519;-84.19385 33.76842;-84.19391 33.76817;-84.19395 33.768049;-84.19398 33.76795;-84.19402 33.76786;-84.19407 33.76778;-84.19411 33.76769;-84.19416 33.7676;-84.19421 33.76752;-84.194679 33.766729;-84.19482 33.766459;-84.19496 33.76622;-84.19502 33.766149;-84.19507 33.76607
-84.19406 33.78347;-84.19402 33.78338;-84.19397 33.78328;-84.19394 33.78319;-84.193919 33.78308;-84.19386 33.783;-84.193829 33.78293;-84.1938 33.782849;-84.193779 33.78277;-84.193779 33.7827;-84.19379 33.78255;-84.193779 33.7821;-84.193779 33.78199;-84.193779 33.78189
-84.193749 33.781689;-84.193759 33.781789;-84.193779 33.781889
-84.19374 33.80075;-84.193749 33.799959;-84.19374 33.79825;-84.19374 33.79672;-84.19374 33.795899
-84.193739 33.795899;-84.193739 33.7958;-84.193739 33.7957;-84.193739 33.7956;-84.193739 33.7955;-84.19375 33.79539;-84.19376 33.79529;-84.19377 33.79519;-84.193779 33.79509;-84.1938 33.79499;-84.19381 33.794889;-84.193829 33.79479;-84.19388 33.79453;-84.193919 33.79429
-84.19371 33.80215;-84.19376 33.80157;-84.193739 33.8013;-84.193739 33.80075
-84.19359 33.7812;-84.19363 33.78129;-84.19367 33.78139;-84.1937 33.78149;-84.19372 33.78159;-84.19375 33.78169
-84.19348 33.780959;-84.19356 33.78113;-84.193589 33.781199
-84.19298 33.80286;-84.19335 33.80262;-84.19372 33.80237;-84.19371 33.80215
-84.19257 33.776479;-84.192959 33.77578;-84.19335 33.77509;-84.19348 33.77484;-84.19353 33.77475;-84.19358 33.77466;-84.193609 33.77458;-84.193649 33.77447;-84.1937 33.77436;-84.19373 33.77427;-84.19376 33.77416;-84.19379 33.77407;-84.19382 33.77395;-84.193839 33.773859;-84.193859 33.77376
-84.192239 33.77737;-84.192249 33.77727;-84.19227 33.77717;-84.19229 33.7771;-84.1923 33.77706;-84.19232 33.77699;-84.19234 33.77695;-84.19237 33.77689;-84.19238 33.77684;-84.19242 33.776759;-84.192479 33.77665;-84.192569 33.77648
-84.19224 33.77737;-84.19223 33.77747;-84.192219 33.77758;-84.19223 33.77768;-84.19223 33.77778;-84.19224 33.777879;-84.192259 33.77798;-84.19228 33.778079;-84.192309 33.77818;-84.19234 33.778279;-84.192579 33.778839;-84.192929 33.77966;-84.19314 33.780139;-84.193199 33.7803;-84.19327 33.78048;-84.19337 33.78069;-84.19348 33.78096
-84.192089 33.80337;-84.192499 33.80314;-84.192979 33.80286
-84.19123 33.80366;-84.19208 33.80321;-84.19275 33.8028;-84.19318 33.80253;-84.19371 33.80215
-84.190359 33.80412;-84.190576 33.804005;-84.191229 33.80366
-84.189159 33.804739;-84.189779 33.804429;-84.190359 33.804119
-84.18667 33.80628;-84.18701 33.80604;-84.18722 33.80589;-84.1874 33.80576;-84.18796 33.80542;-84.18866 33.80501;-84.18916 33.80474
-84.185539 33.807349;-84.18611 33.806869;-84.18711 33.80613;-84.18749 33.80588;-84.18795 33.80558;-84.18866 33.80516;-84.18944 33.80475;-84.18996 33.80449;-84.19035 33.80428;-84.19106 33.80391;-84.19155 33.80365;-84.19209 33.80337
-84.182459 33.81106;-84.18247 33.811149;-84.18246 33.81154;-84.183825 33.811573;-84.183793 33.811063;-84.182459 33.81106
-84.18244 33.81098;-84.182459 33.81106
-84.18244 33.81098;-84.182449 33.81082;-84.182429 33.810499;-84.182439 33.810389;-84.18246 33.810279;-84.182499 33.810189;-84.18261 33.81;-84.183439 33.80926;-84.185149 33.80769;-84.185539 33.80735
-84.18186 33.81042;-84.181929 33.810439;-84.18199 33.81047;-84.182039 33.810489;-84.182119 33.810539;-84.182189 33.8106;-84.18226 33.81067;-84.18232 33.81074;-84.18237 33.810809;-84.18241 33.810899;-84.18244 33.81098
-84.181859 33.81042;-84.182369 33.809979;-84.182649 33.80975;-84.183019 33.80945;-84.183409 33.80909;-84.184419 33.80817;-84.185089 33.80756;-84.185609 33.80709;-84.185959 33.80681;-84.186669 33.80628
