-84.420264 33.837310;-84.419850 33.836747
-84.416323 33.820531;-84.416692 33.819868
-84.415907 33.817918;-84.415820 33.817775
-84.415820 33.817775;-84.415678 33.817318
-84.414097 33.812316;-84.413737 33.811716
-84.415704 33.822653;-84.415736 33.822268
-84.415858 33.796106;-84.415705 33.795605
-84.415335 33.794942;-84.414278 33.793368
-84.435830 33.861796;-84.436288 33.862199
-84.387440 33.780730;-84.387570 33.780990
-84.406850 33.781510;-84.407230 33.781520
-84.411820 33.787770;-84.411990 33.789630
-84.411990 33.789630;-84.412030 33.790370
-84.412030 33.790370;-84.414120 33.793110
-84.414120 33.793110;-84.414280 33.793370
-84.415340 33.794950;-84.415560 33.795260
-84.415560 33.795260;-84.415710 33.795610
-84.415860 33.796110;-84.416110 33.796830
-84.416110 33.796830;-84.416120 33.797100
-84.416150 33.797760;-84.416150 33.797850
-84.416150 33.797850;-84.416080 33.798660
-84.416080 33.798660;-84.415970 33.799590
-84.415970 33.799590;-84.415860 33.800480
-84.415860 33.800480;-84.415880 33.800690
-84.415880 33.800690;-84.415820 33.800930
-84.415820 33.800930;-84.415560 33.801390
-84.415560 33.801390;-84.415250 33.801820
-84.415250 33.801820;-84.414200 33.803380
-84.414200 33.803380;-84.413890 33.803860
-84.413890 33.803860;-84.413440 33.804820
-84.413440 33.804820;-84.413380 33.804960
-84.413310 33.805080;-84.413180 33.805370
-84.413180 33.805370;-84.413090 33.805540
-84.413090 33.805540;-84.413010 33.805690
-84.413010 33.805690;-84.412900 33.806020
-84.412900 33.806020;-84.412750 33.806990
-84.412750 33.806990;-84.412690 33.807790
-84.412690 33.807790;-84.412770 33.808180
-84.412770 33.808180;-84.412900 33.808620
-84.412900 33.808620;-84.412960 33.809040
-84.412960 33.809040;-84.412830 33.809490
-84.412830 33.809490;-84.412670 33.810420
-84.412670 33.810420;-84.412660 33.810670
-84.412660 33.810670;-84.412770 33.810990
-84.412770 33.810990;-84.413250 33.811250
-84.413250 33.811250;-84.413540 33.811490
-84.413540 33.811490;-84.413730 33.811720
-84.414090 33.812320;-84.414180 33.812460
-84.414180 33.812460;-84.414370 33.812850
-84.414370 33.812850;-84.414730 33.813520
-84.414730 33.813520;-84.414990 33.813860
-84.414990 33.813860;-84.415080 33.814100
-84.415080 33.814100;-84.415270 33.815080
-84.415270 33.815080;-84.415330 33.815370
-84.415330 33.815370;-84.415410 33.815810
-84.415530 33.816420;-84.415570 33.816770
-84.415570 33.816770;-84.415680 33.817320
-84.415910 33.817920;-84.416690 33.818450
-84.416690 33.818450;-84.416950 33.818730
-84.416950 33.818730;-84.417010 33.818980
-84.417010 33.818980;-84.417010 33.819270
-84.417010 33.819270;-84.416690 33.819870
-84.416320 33.820530;-84.415890 33.821610
-84.415890 33.821610;-84.415800 33.821950
-84.415800 33.821950;-84.415740 33.822270
-84.415790 33.822950;-84.416290 33.824490
-84.416290 33.824490;-84.416370 33.824690
-84.416370 33.824690;-84.416420 33.824860
-84.416420 33.824860;-84.416500 33.825120
-84.416500 33.825120;-84.416690 33.825520
-84.416690 33.825520;-84.416750 33.825870
-84.416750 33.825870;-84.416750 33.826220
-84.416750 33.826220;-84.416690 33.826690
-84.416690 33.826690;-84.416520 33.827360
-84.416520 33.827360;-84.416310 33.827820
-84.416310 33.827820;-84.415770 33.828690
-84.415770 33.828690;-84.416400 33.829900
-84.416720 33.830520;-84.417050 33.831100
-84.417050 33.831100;-84.417470 33.831740
-84.417470 33.831740;-84.417790 33.832170
-84.417790 33.832170;-84.418010 33.832490
-84.419160 33.833830;-84.419270 33.834090
-84.419270 33.834090;-84.419690 33.836330
-84.419690 33.836330;-84.419850 33.836750
-84.420260 33.837310;-84.420430 33.837490
-84.420430 33.837490;-84.420840 33.837860
-84.420840 33.837860;-84.421010 33.837950
-84.421010 33.837950;-84.422320 33.838620
-84.422320 33.838620;-84.423370 33.838970
-84.423370 33.838970;-84.423540 33.839040
-84.423540 33.839040;-84.424160 33.839280
-84.424160 33.839280;-84.424770 33.839490
-84.424770 33.839490;-84.425280 33.839600
-84.425280 33.839600;-84.425510 33.839630
-84.425510 33.839630;-84.426120 33.839610
-84.426120 33.839610;-84.426380 33.839870
-84.426380 33.839870;-84.426670 33.840070
-84.426670 33.840070;-84.427080 33.840450
-84.427080 33.840450;-84.427280 33.840760
-84.427280 33.840760;-84.427340 33.840840
-84.427340 33.840840;-84.427490 33.841350
-84.427490 33.841350;-84.428070 33.843000
-84.428070 33.843000;-84.428410 33.843930
-84.428410 33.843930;-84.428530 33.844330
-84.428530 33.844330;-84.428820 33.844850
-84.428590 33.845380;-84.428020 33.845870
-84.428020 33.845870;-84.427810 33.846100
-84.427810 33.846100;-84.428470 33.846600
-84.428470 33.846600;-84.428570 33.846680
-84.428570 33.846680;-84.428920 33.847000
-84.428920 33.847000;-84.429180 33.847290
-84.429180 33.847290;-84.429420 33.847560
-84.429420 33.847560;-84.429710 33.848110
-84.429710 33.848110;-84.430040 33.849000
-84.430040 33.849000;-84.430660 33.851960
-84.430660 33.851960;-84.431110 33.853420
-84.431110 33.853420;-84.431170 33.853610
-84.431170 33.853610;-84.431550 33.855760
-84.431550 33.855760;-84.431700 33.856140
-84.431700 33.856140;-84.431980 33.856640
-84.431980 33.856640;-84.433530 33.858780
-84.433530 33.858780;-84.434170 33.859710
-84.434170 33.859710;-84.435150 33.861020
-84.435150 33.861020;-84.435550 33.861500
-84.436290 33.862200;-84.436650 33.862470
-84.436650 33.862470;-84.436770 33.862580
-84.436770 33.862580;-84.437520 33.863010
-84.437520 33.863010;-84.437970 33.863130
-84.438340 33.863220;-84.439120 33.863330
-84.439120 33.863330;-84.440050 33.863400
-84.440050 33.863400;-84.440460 33.863450
-84.447780 33.864090;-84.449450 33.864290
-84.449450 33.864290;-84.449920 33.864430
-84.419110 33.837980;-84.418520 33.838360
-84.419400 33.837750;-84.419110 33.837980
-84.420260 33.837310;-84.419400 33.837750
-84.415770 33.828690;-84.413270 33.828700
-84.413270 33.828700;-84.412110 33.828720
-84.412110 33.828720;-84.409680 33.828720
-84.409680 33.828720;-84.409390 33.828720
-84.407500 33.828700;-84.409390 33.828720
-84.407550 33.826020;-84.407500 33.828700
-84.407580 33.824140;-84.407550 33.826020
-84.416660 33.839610;-84.416210 33.839980
-84.405520 33.831630;-84.405060 33.831940
-84.407500 33.828700;-84.407460 33.831540
-84.405810 33.831530;-84.405520 33.831630
-84.411700 33.786350;-84.411820 33.787770
-84.416120 33.797100;-84.416150 33.797760
-84.413380 33.804960;-84.413310 33.805080
-84.416400 33.829900;-84.416720 33.830520
-84.418010 33.832490;-84.419160 33.833830
-84.428820 33.844850;-84.428850 33.845050
-84.428850 33.845050;-84.428590 33.845380
-84.437970 33.863130;-84.438340 33.863220
-84.466549 33.878069;-84.466879 33.878099
-84.466339 33.878069;-84.466549 33.878069
-84.465209 33.878139;-84.464879 33.878139
-84.464509 33.878739;-84.464389 33.879669
-84.464389 33.879669;-84.464049 33.880979
-84.462249 33.880739;-84.464049 33.880979
-84.461739 33.880649;-84.462249 33.880739
-84.460339 33.880099;-84.460799 33.880329
-84.458549 33.879089;-84.460339 33.880099
-84.458129 33.878839;-84.458549 33.879089
-84.457029 33.878039;-84.457329 33.878289
-84.456809 33.877799;-84.457029 33.878039
-84.456469 33.877299;-84.456809 33.877799
-84.456279 33.876949;-84.456469 33.877299
-84.456149 33.876579;-84.456279 33.876949
-84.456059 33.876229;-84.456149 33.876579
-84.455999 33.875859;-84.456059 33.876229
-84.455989 33.875439;-84.455999 33.875859
-84.456049 33.874909;-84.455989 33.875439
-84.456479 33.872809;-84.456049 33.874909
-84.456429 33.871349;-84.456479 33.871659
-84.456399 33.871239;-84.456429 33.871349
-84.456279 33.870849;-84.456399 33.871239
-84.456199 33.870579;-84.456279 33.870849
-84.456069 33.870279;-84.456199 33.870579
-84.455859 33.869909;-84.456069 33.870279
-84.455739 33.869729;-84.455859 33.869909
-84.455419 33.869299;-84.455739 33.869729
-84.455149 33.868969;-84.455419 33.869299
-84.454209 33.867929;-84.455149 33.868969
-84.453189 33.866939;-84.453849 33.867549
-84.450379 33.864529;-84.450739 33.864689
-84.449919 33.864429;-84.450379 33.864529
-84.471469 33.879119;-84.470909 33.879739
-84.469049 33.878739;-84.469239 33.878779
-84.471539 33.879019;-84.471469 33.879119
-84.470299 33.878339;-84.470679 33.878509
-84.468189 33.878169;-84.468389 33.878189
-84.466669 33.877959;-84.468189 33.878169
-84.466269 33.877949;-84.466669 33.877959
-84.464699 33.877969;-84.465079 33.877999
-84.464469 33.877929;-84.464699 33.877969
-84.409470 33.839599;-84.410000 33.839869
-84.411100 33.840129;-84.412060 33.840189
-84.435549 33.861499;-84.435839 33.861799
-84.464490 33.878100;-84.464880 33.878140
-84.465890 33.878100;-84.465210 33.878140
-84.465890 33.878100;-84.466340 33.878070
-84.466879 33.878100;-84.467800 33.878250
-84.467800 33.878250;-84.468009 33.878260
-84.469600 33.878910;-84.470909 33.879740
-84.469420 33.878830;-84.469600 33.878910
-84.469240 33.878780;-84.469420 33.878830
-84.468842 33.878723;-84.469050 33.878740
-84.468570 33.878699;-84.468842 33.878723
-84.464469 33.877930;-84.464490 33.878100
-84.464490 33.878100;-84.464509 33.878740
-84.468410 33.878278;-84.468331 33.878666
-84.468331 33.878664;-84.468449 33.878681
-84.468449 33.878681;-84.468570 33.878699
-84.471190 33.878801;-84.471540 33.879021
-84.470680 33.878511;-84.471190 33.878801
-84.470000 33.878271;-84.470300 33.878341
-84.469420 33.878191;-84.470000 33.878271
-84.468520 33.878191;-84.469420 33.878191
-84.468410 33.878191;-84.468520 33.878191
-84.468390 33.878191;-84.468410 33.878191
-84.465870 33.877971;-84.466270 33.877951
-84.465080 33.878000;-84.465870 33.877970
-84.468010 33.878261;-84.468410 33.878278
-84.461260 33.880510;-84.461739 33.880649
-84.460799 33.880330;-84.461260 33.880510
-84.457780 33.878620;-84.458130 33.878840
-84.457330 33.878290;-84.457780 33.878620
-84.456510 33.872389;-84.456480 33.872810
-84.456510 33.872070;-84.456510 33.872389
-84.456480 33.871660;-84.456510 33.872070
-84.454020 33.867730;-84.454209 33.867930
-84.453850 33.867550;-84.454020 33.867730
-84.452530 33.866150;-84.453189 33.866940
-84.451709 33.865330;-84.452530 33.866150
-84.451250 33.864960;-84.451709 33.865330
-84.450740 33.864689;-84.451250 33.864960
-84.415709 33.822660;-84.415790 33.822950
-84.415510 33.816359;-84.415529 33.816420
-84.415410 33.815810;-84.415510 33.816359
-84.444432 33.863803;-84.444302 33.864600
-84.444302 33.864600;-84.442779 33.864807
-84.442779 33.864807;-84.442606 33.865577
-84.442606 33.865577;-84.443620 33.866552
-84.443620 33.866552;-84.443990 33.866775
-84.443990 33.866775;-84.444240 33.866524
-84.444240 33.866524;-84.443957 33.866337
-84.443957 33.866337;-84.443620 33.866552
-84.447780 33.864090;-84.444432 33.863803
-84.444432 33.863803;-84.440460 33.863450
-84.387570 33.780990;-84.387440 33.780730
-84.387759 33.781229;-84.387569 33.780990
-84.387799 33.781490;-84.387759 33.781229
-84.387569 33.780990;-84.387759 33.781229
-84.387759 33.781229;-84.387799 33.781490
-84.407749 33.837940;-84.408160 33.838580
-84.407610 33.837600;-84.407749 33.837940
-84.407489 33.837159;-84.407610 33.837600
-84.407420 33.836699;-84.407489 33.837159
-84.407410 33.836300;-84.407420 33.836699
-84.407389 33.835019;-84.407410 33.836300
-84.407459 33.831539;-84.407389 33.835019
-84.411680 33.785799;-84.411699 33.786349
-84.411910 33.784229;-84.411680 33.785799
-84.408160 33.838580;-84.408970 33.839260
-84.408970 33.839260;-84.409469 33.839599
-84.409999 33.839870;-84.410549 33.840039
-84.410549 33.840039;-84.411100 33.840130
-84.415729 33.839999;-84.412059 33.840189
-84.416209 33.839980;-84.415729 33.839999
-84.418010 33.838679;-84.416660 33.839609
-84.418519 33.838359;-84.418010 33.838679
-84.407459 33.831539;-84.406099 33.831479
-84.406099 33.831479;-84.405809 33.831529
-84.389149 33.781500;-84.387799 33.781490
-84.389149 33.781500;-84.390560 33.781520
-84.390560 33.781520;-84.390879 33.781519
-84.390879 33.781519;-84.391210 33.781529
-84.391210 33.781529;-84.391600 33.781550
-84.391959 33.781560;-84.391600 33.781550
-84.393549 33.781479;-84.391959 33.781560
-84.393549 33.781479;-84.394832 33.781489
-84.396040 33.781490;-84.394832 33.781489
-84.397709 33.781500;-84.396040 33.781490
-84.399149 33.781499;-84.397709 33.781500
-84.399899 33.781509;-84.399149 33.781499
-84.399899 33.781509;-84.400590 33.781510
-84.400820 33.781510;-84.400590 33.781510
-84.400820 33.781510;-84.401290 33.781520
-84.402720 33.781530;-84.401290 33.781520
-84.404189 33.781529;-84.402720 33.781530
-84.404189 33.781529;-84.406069 33.781509
-84.406849 33.781509;-84.406069 33.781509
-84.407490 33.781549;-84.407230 33.781520
-84.408309 33.781560;-84.407490 33.781549
-84.409140 33.781560;-84.408309 33.781560
-84.410220 33.781569;-84.409140 33.781560
-84.411160 33.781590;-84.410220 33.781569
-84.411160 33.781590;-84.413450 33.781600
-84.413450 33.781600;-84.413530 33.781830
-84.413530 33.781830;-84.413600 33.782350
-84.413600 33.782350;-84.413639 33.782670
-84.413639 33.782670;-84.413630 33.782870
-84.413630 33.782870;-84.413539 33.783060
-84.413539 33.783060;-84.413320 33.783290
-84.413320 33.783290;-84.412489 33.783729
-84.412489 33.783729;-84.412230 33.783900
-84.412230 33.783900;-84.411910 33.784229
-84.387440 33.780730;-84.386406 33.780755
-84.386406 33.780755;-84.386581 33.781229
-84.386581 33.781229;-84.387759 33.781229
-84.406099 33.831479;-84.405860 33.832002
-84.405860 33.832002;-84.405469 33.832226
-84.405469 33.832226;-84.405060 33.831940
-84.408249 33.824129;-84.407579 33.824139
-84.409939 33.823850;-84.408249 33.824129
-84.411059 33.823670;-84.409939 33.823850
-84.411059 33.823670;-84.411240 33.823650
-84.411240 33.823650;-84.411409 33.823729
-84.411409 33.823729;-84.411960 33.824279
-84.411960 33.824279;-84.412340 33.824549
-84.412340 33.824549;-84.412669 33.824649
-84.412669 33.824649;-84.412990 33.824689
-84.412990 33.824689;-84.413700 33.824630
-84.413700 33.824630;-84.413910 33.824630
-84.413910 33.824630;-84.414200 33.824720
-84.414200 33.824720;-84.414429 33.824839
-84.414429 33.824839;-84.414669 33.825010
-84.414669 33.825010;-84.414840 33.825100
-84.414840 33.825100;-84.415270 33.825200
-84.415270 33.825200;-84.415739 33.825180
-84.415739 33.825180;-84.416499 33.825120
-84.387150 33.771893;-84.387149 33.771294
