-84.29592 33.90638;-84.29585 33.90583;-84.29583 33.90572;-84.29581 33.90562;-84.29579 33.90551;-84.29576 33.90541;-84.29573 33.9053;-84.29569 33.9052;-84.29566 33.9051;-84.29561 33.905;-84.29557 33.90491;-84.29552 33.90481;-84.29547 33.90472;-84.29536 33.90455;-84.29524 33.90434;-84.29519 33.90425;-84.29514 33.90417;-84.2951 33.90408;-84.29506 33.90399;-84.29502 33.90389;-84.29499 33.9038;-84.29496 33.9037;-84.29485 33.9033;-84.29468 33.90265;-84.29444 33.90169;-84.29416 33.90066;-84.29409 33.90038;-84.29399 33.90001;-84.29396 33.89991;-84.29394 33.89981;-84.29391 33.89971;-84.29389 33.89961;-84.29387 33.89951;-84.29385 33.8994;-84.29384 33.8993;-84.29382 33.89908;-84.29383 33.89844;-84.29387 33.89716;-84.29391 33.89632;-84.29407 33.89628;-84.29417 33.89625;-84.29427 33.89621;-84.29437 33.89617;-84.29446 33.89613;-84.29456 33.89608;-84.29465 33.89603;-84.29474 33.89598;-84.29483 33.89592;-84.29492 33.89586;-84.29555 33.89547;-84.29595 33.89521;-84.2965 33.89488;-84.29667 33.89478;-84.29705 33.89464;-84.2975 33.8945;-84.29831 33.89424;-84.29902 33.894;-84.29921 33.89393;-84.2993 33.8939
-84.304563 33.889188;-84.304565 33.88919
-84.30449 33.95608;-84.305 33.95568;-84.30512 33.95559;-84.30533 33.95545;-84.30562 33.95527;-84.30559 33.95522;-84.30556 33.95511;-84.30555 33.95498;-84.30554 33.95424;-84.30555 33.95419;-84.30554 33.95371;-84.30554 33.95299;-84.30554 33.9529;-84.30554 33.95271;-84.30553 33.95204;-84.30553 33.95195;-84.30556 33.95187;-84.30551 33.95173;-84.30548 33.95161;-84.30526 33.95066;-84.30499 33.94959
-84.304563 33.889188;-84.30654 33.8882;-84.306341 33.887902;-84.304304 33.888895;-84.304563 33.889188
-84.30385 33.94742;-84.30424 33.948;-84.30452 33.94841;-84.30464 33.94861;-84.30471 33.94878;-84.30482 33.94904
-84.303589 33.947039;-84.30371 33.947199;-84.303849 33.947419
-84.303289 33.956979;-84.30395 33.956479;-84.30449 33.956079
-84.30268 33.95766;-84.3027 33.95762
-84.30267 33.95736;-84.30289 33.95723;-84.30301 33.95717;-84.30329 33.95698
-84.30267 33.95736;-84.3027 33.95745;-84.30271 33.95749;-84.30271 33.957529;-84.30271 33.95753;-84.30271 33.957579;-84.302699 33.957619
-84.302589 33.95781;-84.302629 33.957729;-84.30268 33.957659
-84.302159 33.945379;-84.302304 33.94556;-84.30232 33.94558;-84.30264 33.94594;-84.30295 33.94629;-84.30336 33.94674;-84.30359 33.94704
-84.29988 33.959349;-84.299969 33.959359;-84.30006 33.95936;-84.30017 33.95936;-84.30028 33.95937;-84.30038 33.95938;-84.30049 33.9594;-84.30073 33.95946;-84.30099 33.95952;-84.30116 33.95957;-84.30156 33.95971;-84.3023 33.96;-84.3025 33.96006;-84.30249 33.95885;-84.30249 33.95849;-84.3025 33.95826;-84.30252 33.95807;-84.30254 33.95798;-84.30256 33.9579;-84.30259 33.95781
-84.30267 33.95736;-84.30227 33.9576;-84.30213 33.9577;-84.30173 33.95797;-84.30144 33.95817;-84.30092 33.95855;-84.30038 33.95893;-84.29997 33.95922;-84.2998 33.95935;-84.29988 33.95935
-84.2995 33.89374;-84.29956 33.89368;-84.30013 33.89302;-84.30044 33.89263;-84.30072 33.89228;-84.3013 33.89158;-84.30153 33.89132;-84.30176 33.89105;-84.30207 33.8907;-84.30237 33.89041;-84.30246 33.89033;-84.30258 33.89024;-84.30289 33.89005;-84.30361 33.88967;-84.30456 33.88919;-84.304563 33.889188
-84.299299 33.8939;-84.299369 33.89385;-84.29944 33.893799;-84.299499 33.89374
-84.29914 33.94207;-84.29945 33.9426;-84.29964 33.94289;-84.29982 33.94315;-84.29986 33.94322;-84.2999 33.94328;-84.29995 33.94334;-84.30013 33.94354;-84.30047 33.94385;-84.30063 33.94398;-84.30072 33.94407;-84.30102 33.94429;-84.30135 33.94458;-84.30155 33.94475;-84.3017 33.94489;-84.30179 33.94499;-84.30216 33.94538
-84.29883 33.917029;-84.29891 33.916959;-84.29898 33.91689;-84.29905 33.91682;-84.29911 33.91674;-84.29918 33.91666;-84.29923 33.91658;-84.29929 33.9165;-84.29937 33.91636;-84.29942 33.91619;-84.29946 33.91607;-84.29951 33.91587;-84.29952 33.91577;-84.29953 33.91567;-84.29953 33.91557;-84.29952 33.91547;-84.29951 33.91538;-84.29949 33.91528;-84.29946 33.91518;-84.29943 33.91509;-84.299309 33.914669;-84.299029 33.913759
-84.29875 33.941399;-84.29914 33.942069
-84.29852 33.91199;-84.29859 33.91218;-84.29866 33.9124;-84.29879 33.91287;-84.29903 33.91376
-84.298379 33.940749;-84.298749 33.941399
-84.29826 33.911349;-84.298459 33.91184;-84.298519 33.91199
-84.29768 33.93959;-84.29774 33.93967;-84.29786 33.93987;-84.29794 33.94;-84.29838 33.94075
-84.29757 33.939449;-84.297629 33.939519;-84.29768 33.939589
-84.29749 33.91036;-84.29826 33.91135
-84.2967 33.90893;-84.29688 33.90932;-84.29696 33.90948;-84.29702 33.90959;-84.29722 33.90992;-84.297359 33.910169;-84.297489 33.91036
-84.29621 33.92353;-84.29628 33.92323;-84.29646 33.92242;-84.29653 33.92209;-84.29668 33.92129;-84.2967 33.92114;-84.29674 33.92094;-84.29684 33.92058;-84.29687 33.92043;-84.29692 33.92015;-84.29696 33.91995;-84.29698 33.91989;-84.29699 33.91982;-84.29705 33.91949;-84.29708 33.91928;-84.29718 33.91874;-84.2972 33.91864;-84.29723 33.91855;-84.29727 33.91846;-84.29731 33.91837;-84.29736 33.91829;-84.29741 33.91821;-84.29747 33.91813;-84.29754 33.91806;-84.29764 33.91792;-84.29771 33.91786;-84.29777 33.9178;-84.29784 33.91774;-84.29791 33.91769;-84.29799 33.91763;-84.29848 33.91728;-84.29876 33.91709;-84.29883 33.91703
-84.296209 33.907519;-84.296499 33.90837;-84.296699 33.908929
-84.296129 33.923829;-84.296189 33.923607;-84.29621 33.923529
-84.29608 33.92402;-84.29613 33.92383
-84.29603 33.9069;-84.29605 33.907;-84.29608 33.90711;-84.29611 33.90721;-84.29614 33.90731;-84.29617 33.90741;-84.29621 33.90752
-84.29598 33.906689;-84.295999 33.906799;-84.296029 33.906899
-84.29596 33.90659;-84.29598 33.90669
-84.295919 33.906379;-84.295939 33.906479;-84.29596 33.906589
-84.295739 33.92508;-84.29585 33.924709;-84.29608 33.924019
-84.29515 33.92987;-84.29518 33.92978;-84.29521 33.92969;-84.29524 33.9296;-84.29526 33.9295;-84.29529 33.92941;-84.29531 33.92932;-84.29534 33.92922;-84.29536 33.929129;-84.295379 33.929029;-84.295399 33.928879;-84.29541 33.92879;-84.29542 33.92869;-84.29542 33.9286;-84.29542 33.92851;-84.29542 33.92841;-84.29542 33.92832;-84.29541 33.92822;-84.29532 33.92727;-84.29531 33.92717;-84.29531 33.92707;-84.29531 33.92697;-84.29531 33.92687;-84.29532 33.92677;-84.29533 33.92667;-84.29534 33.92657;-84.29536 33.92648;-84.29539 33.92634;-84.29543 33.92618;-84.29551 33.92588;-84.29558 33.92562;-84.29574 33.92508
-84.29492 33.93039;-84.29496 33.93031;-84.29507 33.930069;-84.295149 33.92987
-84.29478 33.93076;-84.29481 33.93067;-84.29484 33.930579;-84.294879 33.930479;-84.294919 33.93039
-84.294739 33.93093;-84.294759 33.93086;-84.29478 33.930759
-84.29474 33.93093;-84.29473 33.93102;-84.29473 33.93112;-84.29472 33.93121;-84.29472 33.93131;-84.29472 33.93141;-84.29472 33.9315;-84.29472 33.9316;-84.29475 33.93242;-84.29478 33.9329;-84.29479 33.93306;-84.29482 33.93335;-84.29486 33.93394;-84.29486 33.93403;-84.29486 33.93413;-84.29485 33.93422;-84.29484 33.93432;-84.29482 33.93441;-84.2948 33.9345;-84.29477 33.93459;-84.29473 33.93469;-84.29469 33.93478;-84.29464 33.93487;-84.29459 33.93496;-84.29453 33.93504;-84.29447 33.93512;-84.29424 33.93543;-84.29418 33.93551;-84.29412 33.93559;-84.29407 33.93568;-84.29403 33.93577;-84.29401 33.93583;-84.29395 33.93635;-84.29392 33.93666;-84.29415 33.93681;-84.29451 33.93706;-84.295 33.93743;-84.29538 33.9377;-84.29579 33.93802;-84.29627 33.93837;-84.29696 33.93889;-84.29717 33.93907;-84.29737 33.93925;-84.29744 33.93931;-84.2975 33.93938;-84.29757 33.93945
-84.304819 33.949039;-84.304909 33.949299;-84.304989 33.949589
