-84.44228 33.71172;-84.44366 33.71149;-84.44368 33.71094;-84.44379 33.70847;-84.44382 33.70738;-84.44388 33.70615;-84.44389 33.70546;-84.44394 33.70499;-84.44408 33.7047;-84.44463 33.70421;-84.4454 33.70354;-84.44608 33.70296;-84.4469 33.7023;-84.4472 33.70203;-84.44797 33.70107;-84.44818 33.70078;-84.44843 33.70007;-84.44858 33.69933;-84.44855 33.69843;-84.44966 33.69875;-84.45006 33.69881;-84.45044 33.69888;-84.45074 33.69902;-84.45093 33.69916;-84.45114 33.69978;-84.45134 33.70021;-84.45148 33.70036;-84.45174 33.7005;-84.45277 33.70064;-84.45389 33.70071;-84.45511 33.70068;-84.45502 33.70538;-84.45499 33.70734;-84.45575 33.70705;-84.45721 33.70641;-84.4574 33.70633;-84.45731 33.70609;-84.45732 33.70355;-84.45734 33.70219
-84.50928 33.673859;-84.510179 33.67345;-84.510529 33.67328;-84.510959 33.67313;-84.511289 33.673099;-84.513109 33.67319
-84.50055 33.67253;-84.50159 33.67329;-84.502 33.6736;-84.50389 33.67532;-84.50574 33.67482;-84.50673 33.67455;-84.50928 33.67386;-84.50969 33.67444;-84.50989 33.6747;-84.51018 33.67493;-84.51079 33.67519;-84.51083 33.67519;-84.51183 33.67531;-84.51346 33.67549;-84.51494 33.67526;-84.51485 33.67513;-84.51462 33.67474;-84.5144 33.6741;-84.51433 33.67343
-84.50055 33.67253;-84.50226 33.67107;-84.50301 33.67046;-84.5038 33.67032
-84.50055 33.67253;-84.50011 33.67294;-84.49991 33.67307;-84.49951 33.67317;-84.49863 33.67329;-84.49843 33.67331;-84.49698 33.67349;-84.49687 33.67531;-84.4969 33.67714
-84.495059 33.67805;-84.49677 33.677399;-84.496899 33.677139
-84.493679 33.68259;-84.49368 33.682565;-84.4937 33.67941;-84.49377 33.67908;-84.49393 33.67883;-84.49434 33.67847;-84.49484 33.67807;-84.49506 33.67805
-84.48169 33.69032;-84.48312 33.69022;-84.4834 33.69019;-84.48462 33.6898;-84.48532 33.68948;-84.48569 33.68948;-84.48625 33.68948;-84.48903 33.68951;-84.48911 33.68901;-84.4892 33.68869;-84.48935 33.68839;-84.48965 33.6879;-84.49106 33.68625;-84.49222 33.6848;-84.49339 33.68332;-84.49361 33.68295;-84.49368 33.68259
-84.479639 33.69049;-84.4799 33.690439;-84.48169 33.690319
-84.47191 33.69104;-84.47411 33.69102;-84.47766 33.69083;-84.47964 33.69049
-84.464864 33.690428;-84.466211 33.690633;-84.469937 33.691041;-84.471904 33.691039
-84.46355 33.69023;-84.46487 33.69043
-84.457369 33.69489;-84.457369 33.6922;-84.457369 33.68922;-84.459059 33.68953;-84.460919 33.68985;-84.462329 33.69005;-84.463549 33.69023
-84.45731 33.69952;-84.45731 33.69933;-84.45734 33.69913;-84.45735 33.69881;-84.45735 33.69862;-84.45735 33.69768;-84.45737 33.69489
-84.457309 33.69952;-84.457339 33.70065;-84.457339 33.70219
-84.51311 33.67319;-84.51433 33.673429
-84.440799 33.71211;-84.441929 33.71178;-84.442279 33.71172
-84.439524 33.712596;-84.440794 33.712111
-84.438829 33.71284;-84.439529 33.71259
-84.42975 33.71646;-84.43047 33.71613;-84.4308 33.71596;-84.4315 33.71559;-84.43251 33.71506;-84.43289 33.71484;-84.43396 33.71443;-84.43616 33.71376;-84.43883 33.71284
-84.428586 33.716998;-84.429596 33.716541;-84.429748 33.716461
-84.425801 33.717174;-84.42583 33.71815;-84.42653 33.71794;-84.42744 33.71756;-84.42825 33.71713;-84.42859 33.717
