-84.50163 33.75212;-84.50186 33.75279;-84.50191 33.75307;-84.50188 33.75345;-84.50186 33.75414;-84.50169 33.7542;-84.50069 33.75417;-84.50081 33.75499;-84.50075 33.75514;-84.50044 33.75551;-84.50014 33.75568;-84.49937 33.75671;-84.49855 33.75674;-84.49583 33.75647;-84.49486 33.75638;-84.49472 33.75636;-84.49449 33.75633;-84.49417 33.7563;-84.49295 33.75618;-84.49094 33.75598;-84.49069 33.75597;-84.48965 33.75584;-84.48831 33.75569;-84.48695 33.75554;-84.48624 33.75546;-84.48518 33.75536;-84.48387 33.75522;-84.4818 33.755;-84.48206 33.75586;-84.47609 33.7558;-84.47519 33.75578;-84.4731 33.75575;-84.46979 33.75572;-84.46968 33.75572;-84.46849 33.75572;-84.46828 33.75542;-84.4679 33.75479;-84.46762 33.75432;-84.46745 33.75381;-84.46741 33.75314;-84.46744 33.7523
-84.51044 33.74187;-84.51047 33.74158;-84.510309 33.740779;-84.510297 33.740722;-84.50998 33.73933;-84.510004 33.73865;-84.510505 33.734501;-84.510219 33.73292
-84.508584 33.745385;-84.509916 33.74277;-84.510436 33.741874
-84.50838 33.74831;-84.50856 33.74548;-84.50859 33.74538
-84.508267 33.748811;-84.508297 33.748751;-84.508372 33.748312
-84.508267 33.748811;-84.50827 33.74881
-84.508265 33.748814;-84.508267 33.748811
-84.511119 33.725389;-84.511064 33.725025;-84.51044 33.724029;-84.510287 33.723797;-84.50992 33.723299;-84.509364 33.722435;-84.50781 33.72002;-84.507987 33.71895;-84.508119 33.71815
-84.50771 33.71516;-84.50818 33.71603;-84.50835 33.71658;-84.50812 33.71815
-84.507292 33.689971;-84.507318 33.688702;-84.507313 33.68867
-84.507019 33.71426;-84.507202 33.714499;-84.507709 33.71516
-84.506316 33.713414;-84.507013 33.714263
-84.50627 33.69003;-84.507291 33.689971
-84.50627 33.69003;-84.506282 33.688451;-84.50701 33.688463;-84.507049 33.688466;-84.507087 33.688473;-84.507123 33.688483;-84.507157 33.688497;-84.50719 33.688514;-84.507219 33.688534;-84.507246 33.688556;-84.507269 33.688583;-84.507288 33.688611;-84.507303 33.68864;-84.507313 33.688671
-84.50623 33.69643;-84.50623 33.69521;-84.50629 33.69424
-84.5062 33.696789;-84.506209 33.697749;-84.50647 33.698239
-84.50635 33.70972;-84.50687 33.70923;-84.50711 33.70886;-84.50716 33.70847;-84.50719 33.70819;-84.50674 33.70625;-84.5065 33.70515;-84.5062 33.70386;-84.5062 33.70358;-84.50626 33.70163;-84.50644 33.70068;-84.50671 33.70007;-84.50687 33.69977;-84.50749 33.69902;-84.50682 33.69859;-84.50667 33.69843;-84.50647 33.69824
-84.506197 33.696791;-84.506229 33.696433
-84.50618 33.69289;-84.50627 33.69003
-84.506179 33.69289;-84.506229 33.693919;-84.50629 33.694239
-84.50632 33.71341;-84.50613 33.7131;-84.50612 33.71281;-84.50612 33.7125
-84.506119 33.7125;-84.506119 33.710299;-84.506349 33.709719
-84.50589 33.74954;-84.50668 33.74921;-84.50725 33.74899;-84.508267 33.748811
-84.50188 33.749859;-84.50293 33.749969;-84.503506 33.749973;-84.504229 33.74998;-84.504759 33.749939;-84.505889 33.74954
-84.501875 33.750111;-84.501875 33.74986
-84.50151 33.75163;-84.50151 33.75137;-84.50153 33.75116;-84.50188 33.75011
-84.501509 33.751633;-84.501629 33.752125
-84.468516 33.753883;-84.469182 33.754249;-84.469344 33.75373;-84.468516 33.753883
-84.46744 33.7523;-84.46751 33.75215;-84.46759 33.75211;-84.46785 33.752;-84.46802 33.75204;-84.468869 33.752473;-84.468712 33.752945;-84.468516 33.753883
-84.46744 33.7523;-84.46744 33.751889;-84.46785 33.751999
-84.51112 33.72539;-84.51076 33.72667;-84.51056 33.72752;-84.51044 33.73003;-84.51015 33.73114;-84.5101 33.73169;-84.51012 33.73227;-84.51022 33.73292
