-84.42229 33.70824;-84.4221 33.70782;-84.42159 33.70711;-84.42049 33.70543;-84.42007 33.7049;-84.41872 33.70334;-84.41856 33.70303;-84.41818 33.70174;-84.4182 33.70137;-84.41821 33.70113;-84.41821 33.70093;-84.41827 33.69858;-84.41832 33.69817;-84.41833 33.69791;-84.41835 33.69777;-84.41838 33.6973;-84.41835 33.69614;-84.41837 33.69576;-84.41838 33.69429;-84.41841 33.69168;-84.41846 33.68927;-84.41847 33.68784;-84.41847 33.68719;-84.4185 33.68555;-84.4185 33.68536;-84.41853 33.68388;-84.41858 33.6825;-84.41858 33.68138;-84.41861 33.68011;-84.41861 33.67992;-84.41872 33.67738;-84.41873 33.67725;-84.41878 33.67596;-84.418849 33.67422;-84.41887 33.6731;-84.41888 33.67024;-84.41896 33.666979;-84.41888 33.66617;-84.41879 33.66573;-84.41866 33.6653;-84.41861 33.66515;-84.41856 33.66501;-84.41846 33.6646;-84.4184 33.66408
-84.455622 33.658451;-84.455624 33.659758
-84.44974 33.64749;-84.4501 33.64742;-84.45003 33.64767
-84.44974 33.64749;-84.44994 33.64758;-84.45003 33.64767
-84.45563 33.65762;-84.45576 33.65738;-84.45633 33.65665;-84.45544 33.65604;-84.45457 33.65546;-84.45392 33.65501;-84.4534 33.65475;-84.45303 33.65459;-84.45284 33.65453;-84.45238 33.65445;-84.4518 33.65445;-84.45134 33.65448;-84.45045 33.6545;-84.44946 33.6545;-84.44954 33.65407;-84.44957 33.65337;-84.44965 33.65218;-84.44975 33.65108;-84.44984 33.64983;-84.44994 33.64882;-84.45003 33.64767
-84.44817 33.64917;-84.44823 33.64954;-84.44835 33.64983;-84.4485 33.65092;-84.44843 33.65131
-84.44815 33.648029;-84.4483 33.647919;-84.44862 33.64777;-84.44919 33.6476;-84.44974 33.64749
-84.44768 33.6597;-84.44839 33.65973;-84.44984 33.65973;-84.45131 33.65973;-84.45271 33.65974;-84.45409 33.65974;-84.45563 33.65976
-84.44817 33.649169;-84.448089 33.649019;-84.44798 33.6489;-84.44763 33.64864;-84.44788 33.64832;-84.44815 33.64803
-84.44101 33.65923;-84.44218 33.65923;-84.44362 33.65921;-84.44504 33.65921;-84.44548 33.65921;-84.44569 33.65924;-84.44716 33.65958;-84.447389 33.659639;-84.44768 33.659699
-84.42966 33.65903;-84.43047 33.65906;-84.4313 33.65909;-84.43164 33.65907;-84.43187 33.65909;-84.43211 33.65909;-84.43253 33.6591;-84.43324 33.65912;-84.4346 33.65915;-84.43552 33.65916;-84.43649 33.65919;-84.43922 33.65926;-84.440689 33.65924;-84.44101 33.659229
-84.429398 33.701014;-84.429735 33.70104
-84.426269 33.71755;-84.426171 33.717308;-84.425953 33.717335;-84.426062 33.717586;-84.426269 33.71755
-84.42435 33.71388;-84.42479 33.71429;-84.42551 33.71446;-84.42467 33.717
-84.42424 33.718219;-84.424669 33.717
-84.42424 33.71822;-84.42448 33.71822;-84.42465 33.71822;-84.42517 33.71822;-84.42554 33.71822;-84.42583 33.71815;-84.4264 33.717971;-84.426269 33.71755
-84.42291 33.71001;-84.42354 33.71239;-84.42363 33.71277;-84.42374 33.71303;-84.423949 33.71336;-84.424349 33.713879
-84.422909 33.658909;-84.425769 33.658969;-84.426089 33.658979;-84.426909 33.659;-84.427019 33.659;-84.42789 33.65901;-84.428379 33.659009;-84.429659 33.659029
-84.422287 33.708239;-84.422908 33.710011
-84.455629 33.65845;-84.455629 33.65762
-84.417493 33.66376;-84.418395 33.664081
-84.41232 33.66083;-84.41351 33.66151;-84.41377 33.66167;-84.41444 33.66211;-84.41624 33.66315;-84.4175 33.66376
-84.410869 33.659559;-84.41087 33.65956
-84.410869 33.659559;-84.410869 33.659559
-84.412319 33.660829;-84.41069 33.659869;-84.41074 33.659739;-84.410869 33.659559
-84.410869 33.659559;-84.40974 33.65881;-84.41081 33.65762;-84.412 33.65625;-84.4157 33.65819;-84.41679 33.65877;-84.41734 33.65878;-84.41789 33.6588;-84.41823 33.6588;-84.41905 33.65881;-84.42023 33.65884;-84.42143 33.65886;-84.42291 33.65891
