-84.49217 33.62477;-84.49223 33.62285;-84.49452 33.62265;-84.49634 33.62247;-84.49767 33.62236;-84.49881 33.62224;-84.49953 33.62218;-84.49992 33.62212;-84.50262 33.62186;-84.50299 33.62183;-84.50461 33.62163;-84.50522 33.62154;-84.50545 33.62148;-84.50653 33.62117;-84.50713 33.62093;-84.50851 33.62024;-84.50908 33.61987;-84.51097 33.61842;-84.51151 33.618;-84.51172 33.61783;-84.51236 33.61734;-84.51285 33.61696;-84.51305 33.61679;-84.51414 33.61591;-84.51476 33.6154;-84.5153 33.61504;-84.51569 33.61481;-84.51628 33.61444;-84.51653 33.61432;-84.52011 33.61255;-84.52365 33.61082;-84.52499 33.61017;-84.52586 33.60974;-84.52655 33.60941;-84.52907 33.6082;-84.5302 33.60765;-84.53316 33.60622;-84.53467 33.60544;-84.53795 33.60382;-84.53931 33.60315;-84.5433 33.60115;-84.54431 33.60068;-84.54482 33.60042;-84.54564 33.59999;-84.54593 33.59978;-84.54654 33.60013;-84.54686 33.60019;-84.54979 33.60022;-84.54882 33.59855;-84.54825 33.59761;-84.54922 33.59665;-84.54938 33.59639;-84.54961 33.59595;-84.54973 33.59555;-84.54976 33.59531;-84.54974 33.59496;-84.54956 33.59407;-84.54887 33.59131;-84.54886 33.59114;-84.54884 33.59085;-84.54883 33.59009;-84.54883 33.589;-84.54881 33.58667;-84.54884 33.58614;-84.54909 33.58517;-84.54933 33.58461;-84.54973 33.58374;-84.54982 33.58359;-84.55034 33.58279;-84.55112 33.58195;-84.55125 33.58185;-84.55228 33.58107;-84.55301 33.58063;-84.55464 33.5798;-84.55785 33.57831;-84.5598 33.57738;-84.56064 33.57697;-84.56279 33.57591;-84.5636 33.57556;-84.56485 33.57507;-84.56613 33.57451;-84.56644 33.57437;-84.56763 33.57373;-84.56821 33.57338;-84.56902 33.57292;-84.57024 33.57236;-84.57204 33.5715;-84.57344 33.57085;-84.57391 33.57063;-84.57436 33.57043
-84.66888 33.51863;-84.66953 33.51768
-84.66888 33.51863;-84.66939 33.51888;-84.67006 33.51796;-84.67093 33.51674;-84.67035 33.51645
-84.66475 33.52473;-84.6653 33.52391;-84.66547 33.52362;-84.66612 33.52261;-84.66714 33.52112;-84.66867 33.51892;-84.66888 33.51863
-84.664107 33.525773;-84.664452 33.525235;-84.664743 33.524733
-84.66243 33.52774;-84.66264 33.527589;-84.66301 33.52733;-84.66324 33.527099;-84.6635 33.52682;-84.66365 33.526609;-84.66411 33.52577
-84.661969 33.527973;-84.662424 33.527739
-84.6606 33.52844;-84.66142 33.5282;-84.66197 33.52797
-84.659631 33.528731;-84.660595 33.528442
-84.63977 33.536589;-84.64043 33.536409;-84.64172 33.53593;-84.64255 33.5356;-84.65514 33.53009;-84.65619 33.529719;-84.65828 33.52911;-84.65964 33.52873
-84.637449 33.537034;-84.638089 33.536943;-84.639129 33.536734;-84.639768 33.53659
-84.60472 33.54921;-84.60637 33.54817;-84.60846 33.546889;-84.60886 33.546599;-84.61311 33.54381;-84.61388 33.543259;-84.61604 33.54184;-84.61726 33.54103;-84.61928 33.5397;-84.62016 33.53917;-84.62108 33.53868;-84.62166 33.538449;-84.62236 33.53821;-84.62305 33.53804;-84.62492 33.537779;-84.62616 33.53772;-84.63335 33.537309;-84.6355 33.53719;-84.63631 33.53714;-84.63745 33.53703
-84.601468 33.551335;-84.603546 33.549943;-84.604715 33.549215
-84.57513 33.57002;-84.57895 33.56819;-84.58043 33.56758;-84.58098 33.56737;-84.58141 33.56709;-84.58162 33.56689;-84.58174 33.56676;-84.5824 33.5659;-84.58321 33.56483;-84.58394 33.56386;-84.5844 33.56328;-84.58475 33.56285;-84.58539 33.5621;-84.58562 33.56183;-84.586 33.56142;-84.58632 33.56113;-84.58667 33.5609;-84.58818 33.55994;-84.58835 33.55981;-84.58884 33.55951;-84.58983 33.55885;-84.59212 33.55742;-84.59265 33.55705;-84.59268 33.55704;-84.59297 33.55685;-84.59314 33.55673;-84.59325 33.55666;-84.59396 33.55618;-84.59557 33.5551;-84.59752 33.55391;-84.59819 33.553489;-84.60001 33.55229;-84.60075 33.551769;-84.60147 33.55133
-84.574359 33.570434;-84.575128 33.57002
-84.669527 33.517682;-84.670346 33.516453
-84.492156 33.625111;-84.492166 33.62477
-84.49231 33.632829;-84.492284 33.631789;-84.49228 33.631589;-84.492278 33.631566;-84.492249 33.63101;-84.49221 33.630841;-84.492029 33.630069;-84.4919 33.62788;-84.49193 33.62711;-84.49216 33.62511
-84.49139 33.63962;-84.49164 33.63884;-84.49174 33.63857;-84.49191 33.63805;-84.49202 33.63753;-84.49216 33.63649;-84.49219 33.63614;-84.49231 33.63541;-84.49232 33.63527;-84.49231 33.63477;-84.49232 33.63391;-84.49231 33.63283
-84.490049 33.645919;-84.490539 33.646819;-84.490679 33.647159;-84.490679 33.647449
-84.48926 33.64464;-84.48955 33.64494;-84.48967 33.64514;-84.49005 33.64592
-84.48923 33.64339;-84.49051 33.64169;-84.49075 33.6413;-84.490932 33.640821;-84.491389 33.639619
-84.489138 33.644102;-84.489259 33.644639
-84.489139 33.6441;-84.48909 33.64388;-84.48911 33.643589;-84.48923 33.643389
-84.4883 33.65253;-84.48926 33.651109;-84.48961 33.65025;-84.490019 33.649219;-84.49048 33.64806;-84.49068 33.64745
-84.48221 33.65168;-84.48312 33.65173;-84.48387 33.65179;-84.48639 33.65221;-84.4883 33.65253
-84.480159 33.65167;-84.481859 33.651669;-84.48221 33.651679
-84.47505 33.65146;-84.47548 33.65155;-84.47623 33.65166;-84.47684 33.65169;-84.48016 33.65167
-84.474776 33.651378;-84.475048 33.651459
-84.473329 33.65088;-84.47478 33.651379
-84.46954 33.64977;-84.47108 33.6503;-84.47327 33.65102;-84.47499 33.6516;-84.47545 33.65169;-84.47623 33.651789;-84.47739 33.65181;-84.48016 33.65182;-84.48186 33.65179;-84.48311 33.65186;-84.48384 33.65192;-84.48639 33.65233;-84.48822 33.65265;-84.4883 33.65253
-84.468737 33.64954;-84.469541 33.649772
-84.46024 33.64931;-84.46226 33.64934;-84.46353 33.64937;-84.46647 33.6494;-84.4675 33.64941;-84.46819 33.64944;-84.46873 33.64954
-84.45905 33.649119;-84.459609 33.64925;-84.460239 33.649309
-84.45427 33.64694;-84.45656 33.64799;-84.4576 33.6485;-84.45839 33.6489;-84.45905 33.64912
-84.45294 33.64528;-84.45306 33.64584;-84.45316 33.646;-84.45346 33.64632;-84.45428 33.64676;-84.45758 33.64838;-84.4584 33.64877;-84.45905 33.64899;-84.45958 33.64911;-84.46016 33.64915;-84.46226 33.6492;-84.46346 33.64922;-84.46647 33.64926;-84.46744 33.64928;-84.46812 33.64931;-84.46872 33.6494;-84.46954 33.64963;-84.47116 33.65019;-84.47333 33.65088
-84.452929 33.64633;-84.45331 33.646419;-84.45427 33.646939
-84.452929 33.64633;-84.45293 33.64633
-84.45264 33.644839;-84.4528 33.644969;-84.45294 33.645279
-84.45184 33.6468;-84.45242 33.64641;-84.45256 33.64636;-84.45279 33.64633;-84.452929 33.64633
-84.451259 33.647079;-84.451549 33.64699;-84.45184 33.646799
-84.44974 33.64749;-84.4501 33.64742;-84.45055 33.64729;-84.45126 33.64708
-84.44974 33.64749;-84.45003 33.64723;-84.4502 33.64697;-84.45027 33.64676;-84.45036 33.6465;-84.45047 33.64629;-84.45102 33.6456;-84.45113 33.64549;-84.45122 33.6454;-84.45134 33.64526;-84.45193 33.64478;-84.45227 33.64452;-84.45264 33.64484
-84.44974 33.64749;-84.44919 33.6476;-84.44919 33.64838;-84.44922 33.64864;-84.44939 33.64946;-84.44942 33.64966;-84.44934 33.6501;-84.44925 33.65108;-84.44913 33.65295;-84.4491 33.65337;-84.44797 33.65337;-84.448245 33.651724
