-84.445329 33.6983;-84.446059 33.69812;-84.446609 33.69801;-84.447249 33.69797;-84.447999 33.698;-84.448549 33.69806;-84.450069 33.69826;-84.451779 33.69862;-84.454849 33.6992;-84.455689 33.69925;-84.456589 33.69922;-84.457339 33.69913;-84.457719 33.69904;-84.458239 33.69888;-84.459689 33.69829;-84.460039 33.69814;-84.461579 33.69748;-84.462229 33.69727;-84.462719 33.69717;-84.463319 33.69711;-84.463789 33.69711;-84.464219 33.69714;-84.464709 33.6972;-84.466769 33.69783;-84.467239 33.69794;-84.467789 33.69795;-84.469379 33.69791;-84.472209 33.69769;-84.474869 33.69756;-84.476879 33.69759;-84.481219 33.69765;-84.481829 33.69754;-84.482329 33.6974;-84.482999 33.69708;-84.484119 33.69629;-84.486239 33.69469;-84.487879 33.6935;-84.488339 33.69301;-84.488649 33.6926;-84.489239 33.6917;-84.489579 33.69136;-84.489259 33.69099;-84.489059 33.69073
-84.536209 33.70734;-84.536529 33.70563;-84.536619 33.70514
-84.535449 33.69781;-84.535749 33.6982;-84.535979 33.69891;-84.536329 33.70233
-84.53537 33.69601;-84.53532 33.69733;-84.53531 33.69749;-84.53545 33.69781
-84.53522 33.71017;-84.53575 33.70949;-84.53601 33.70914;-84.5361 33.70898;-84.53617 33.70783;-84.53621 33.70734
-84.534469 33.69043;-84.534589 33.6911;-84.534529 33.69138
-84.535369 33.69601;-84.535189 33.69604;-84.534239 33.69424;-84.534239 33.69402
-84.53453 33.69138;-84.53441 33.69193;-84.53415 33.6926;-84.53424 33.69402
-84.533829 33.70869;-84.534529 33.70927;-84.535219 33.71017
-84.52579 33.68977;-84.52649 33.68929;-84.52716 33.68872;-84.52942 33.68681;-84.53104 33.68549;-84.53313 33.68401;-84.53583 33.68216;-84.5378 33.68074;-84.53728 33.68217;-84.53647 33.68445;-84.53638 33.68457;-84.53618 33.68491;-84.53584 33.68523;-84.53563 33.68541;-84.53429 33.68652;-84.53381 33.68726;-84.53371 33.68777;-84.53374 33.68806;-84.53406 33.68909;-84.53438 33.69011;-84.53447 33.69043
-84.52411 33.6953;-84.52475 33.6954;-84.52542 33.6955;-84.52611 33.69553;-84.52788 33.69554;-84.52789 33.69695;-84.52798 33.69771;-84.52853 33.69958;-84.52917 33.70222;-84.52933 33.70335;-84.52936 33.7048;-84.52936 33.7066;-84.52942 33.70673;-84.52962 33.70692;-84.53152 33.70775;-84.5332 33.70844;-84.53383 33.70869
-84.522779 33.69083;-84.525179 33.68999;-84.525789 33.68977
-84.52106 33.69199;-84.52138 33.69177;-84.52208 33.69113;-84.52278 33.69083
-84.520049 33.69263;-84.520829 33.69215;-84.521059 33.69199
-84.518859 33.69344;-84.523269 33.69504;-84.524109 33.6953
-84.515689 33.6918;-84.515795 33.691862;-84.517 33.69257;-84.51794 33.69304;-84.51886 33.69344;-84.51897 33.69324;-84.51915 33.69305;-84.51952 33.69286;-84.52005 33.69263
-84.507291 33.689971;-84.50777 33.68996;-84.50905 33.69008;-84.51147 33.69044;-84.5134 33.6907;-84.51382 33.69077;-84.514529 33.69101;-84.51456 33.69102;-84.51569 33.6918
-84.507291 33.689971;-84.507298 33.689342
-84.506282 33.688451;-84.50701 33.688463;-84.507049 33.688466;-84.507087 33.688473;-84.507123 33.688483;-84.507157 33.688497;-84.50719 33.688514;-84.507219 33.688534;-84.507246 33.688556;-84.507269 33.688583;-84.507288 33.688611;-84.507303 33.68864;-84.507313 33.688671;-84.507298 33.689342
-84.506277 33.689254;-84.506282 33.688451
-84.506277 33.689254;-84.507298 33.689342
-84.506277 33.689254;-84.50627 33.69003;-84.507291 33.689971
-84.49866 33.68401;-84.49904 33.68391;-84.49965 33.68393;-84.49982 33.68393;-84.502 33.68391;-84.50246 33.68381;-84.50287 33.68356;-84.50327 33.68318;-84.50368 33.68291;-84.50418 33.6828;-84.50632 33.68268;-84.50632 33.68449;-84.50632 33.6851;-84.50629 33.68655;-84.50629 33.68745;-84.506282 33.688451
-84.497989 33.68451;-84.498369 33.68419;-84.498659 33.68401
-84.496857 33.6859;-84.497204 33.685622;-84.497984 33.684511
-84.49065 33.6925;-84.49065 33.6925
-84.490649 33.6925;-84.49065 33.6925
-84.49013 33.69202;-84.490519 33.6917;-84.491839 33.69096;-84.492159 33.69089;-84.492249 33.69096;-84.492309 33.69106;-84.492279 33.69116;-84.492109 33.69138;-84.49065 33.6925
-84.49013 33.69202;-84.49013 33.69202;-84.49065 33.6925
-84.48958 33.69136;-84.48996 33.69182;-84.49013 33.69202
-84.48906 33.69073;-84.489 33.69044;-84.48897 33.69012;-84.48903 33.68951;-84.48911 33.68901;-84.4892 33.68869;-84.48935 33.68839;-84.48965 33.6879;-84.49106 33.68625;-84.49385 33.68617;-84.49602 33.68613;-84.49637 33.68608;-84.49661 33.686;-84.49686 33.6859
-84.53633 33.70233;-84.53659 33.70302;-84.53661 33.70442;-84.53662 33.70514
-84.445219 33.69855;-84.446079 33.6983;-84.446879 33.6982;-84.447389 33.69817;-84.448089 33.69817;-84.448549 33.69824;-84.450069 33.69849;-84.454439 33.69933;-84.455149 33.69942;-84.455859 33.69945;-84.456589 33.6994;-84.457309 33.69933;-84.457859 33.69919;-84.458619 33.69894;-84.459789 33.69847;-84.460139 33.69832;-84.461639 33.69769;-84.462199 33.69748;-84.462739 33.69737;-84.463319 33.69733;-84.463959 33.69731;-84.464549 33.69739;-84.465209 33.69756;-84.466599 33.698;-84.467099 33.6981;-84.467639 33.69815;-84.468899 33.69814;-84.472049 33.69788;-84.474909 33.69777;-84.475219 33.69775;-84.480439 33.69786;-84.481119 33.69785;-84.481689 33.6978;-84.482269 33.69763;-84.482819 33.6974;-84.482999 33.6973;-84.483289 33.69714;-84.486239 33.69502;-84.486709 33.69467;-84.488039 33.69363;-84.490129 33.69202;-84.49013 33.69202
-84.44223 33.69975;-84.44522 33.69855
-84.440699 33.69997;-84.4407 33.69997
-84.440699 33.69997;-84.441759 33.69987;-84.442229 33.69975
-84.440699 33.69997;-84.440699 33.69997
-84.43999 33.69977;-84.44031 33.69978;-84.44102 33.69978;-84.44177 33.69965;-84.44221 33.69952;-84.44533 33.6983
-84.439029 33.69955;-84.439499 33.69968;-84.439989 33.69977
-84.43871 33.69962;-84.43951 33.69984;-84.44017 33.69995;-84.440699 33.69997
-84.4366 33.69846;-84.43718 33.69872;-84.43832 33.6993;-84.43903 33.69955
-84.436229 33.69846;-84.438099 33.69936;-84.438709 33.69962
-84.436099 33.69827;-84.436599 33.69846
-84.43217 33.6981;-84.43245 33.6981;-84.43439 33.6981;-84.43504 33.69817;-84.43584 33.69832;-84.43623 33.69846
-84.43192 33.69791;-84.43245 33.69797;-84.43494 33.69801;-84.4353 33.69806;-84.43567 33.69814;-84.4361 33.69827
-84.431689 33.69785;-84.431919 33.69791
-84.431369 33.69823;-84.431469 33.69818;-84.432169 33.6981
-84.43117 33.69748;-84.43127 33.69762;-84.43138 33.69769;-84.43169 33.69785
-84.431059 33.69696;-84.431109 33.69739;-84.431169 33.69748
-84.43062 33.70062;-84.43068 33.69967;-84.43072 33.69932;-84.43085 33.69887;-84.43089 33.69872;-84.431 33.69855;-84.43108 33.69846;-84.43121 33.69832;-84.43137 33.69823
-84.429768 33.701255;-84.430399 33.7011;-84.430549 33.70084;-84.430619 33.70062
-84.42975 33.70149;-84.42992 33.70144;-84.43011 33.70135;-84.43026 33.70124;-84.4304 33.7011
-84.42975 33.70149;-84.429768 33.701255
-84.42966 33.69806;-84.42969 33.69791;-84.42973 33.69756;-84.42978 33.6972;-84.42981 33.69695;-84.4304 33.69695;-84.43106 33.69696
-84.42954 33.70153;-84.42975 33.70149
-84.429489 33.6993;-84.429579 33.69855;-84.429659 33.69806
-84.42946 33.69965;-84.42949 33.6993
-84.429768 33.701255;-84.429366 33.701238;-84.429527 33.700154;-84.42994 33.70019;-84.429768 33.701255
-84.429539 33.70153;-84.429149 33.70156;-84.429459 33.69965
