-84.32395 33.752259;-84.324029 33.752299;-84.32516 33.752869;-84.325919 33.75324;-84.32598 33.75327;-84.32605 33.75329;-84.32612 33.75332;-84.32618 33.75333;-84.32624 33.75333;-84.32843 33.75335;-84.3292 33.75335;-84.33038 33.75336;-84.33176 33.75337;-84.33312 33.75338;-84.33466 33.75338;-84.33758 33.7534;-84.33861 33.75341;-84.33866 33.75541
-84.33866 33.75541;-84.33866 33.75541
-84.33859 33.75736;-84.33863 33.75675;-84.338639 33.756609;-84.33866 33.75541
-84.338569 33.75794;-84.338579 33.757669;-84.338589 33.75736
-84.338539 33.76056;-84.33854 33.76056
-84.33857 33.75794;-84.33853 33.75964;-84.33854 33.76056;-84.33854 33.76056
-84.33854 33.76056;-84.34006 33.760569;-84.34067 33.760569;-84.340608 33.76149;-84.338509 33.76157;-84.33851 33.76154;-84.33854 33.76056
-84.33866 33.75541;-84.33866 33.755409
-84.3231 33.76038;-84.32314 33.76038
-84.32164 33.75115;-84.32184 33.75115;-84.32206 33.75116;-84.32222 33.75116;-84.32235 33.75114;-84.3228 33.75147;-84.32365 33.75207;-84.32395 33.75226
-84.31737 33.75524;-84.31865 33.75523;-84.32015 33.75523;-84.32177 33.75528;-84.32176 33.75438;-84.32173 33.75337;-84.32173 33.7532;-84.32169 33.75229;-84.32164 33.75115
-84.31529 33.74187;-84.31535 33.74195;-84.3154 33.74204;-84.31544 33.74213;-84.31547 33.74222;-84.3155 33.74232;-84.31551 33.74242;-84.31552 33.74252;-84.31552 33.74262;-84.31551 33.74272;-84.31548 33.74281;-84.31545 33.742909;-84.31541 33.742999
-84.31516 33.741729;-84.315229 33.741799;-84.31529 33.741869
-84.315159 33.743319;-84.315239 33.743249;-84.3153 33.74317;-84.31536 33.74309;-84.31541 33.743
-84.31506 33.74165;-84.31516 33.74173
-84.315 33.74347;-84.31516 33.74332
-84.314729 33.75524;-84.316689 33.75523;-84.317369 33.75524
-84.314539 33.74389;-84.31477 33.743679;-84.315 33.743469
-84.314319 33.74102;-84.314649 33.741289;-84.315059 33.741649
-84.31412 33.74455;-84.31418 33.74439;-84.31426 33.74426;-84.31438 33.74407;-84.31454 33.74389
-84.314089 33.744849;-84.314099 33.744699;-84.314119 33.74455
-84.31389 33.74016;-84.3139 33.74028;-84.31391 33.74038;-84.31393 33.74047;-84.31396 33.74057;-84.31401 33.74066;-84.31406 33.74074;-84.31411 33.74081;-84.31415 33.74086;-84.31422 33.74093;-84.31432 33.74102
-84.31473 33.75524;-84.31475 33.75559;-84.31476 33.75605;-84.31476 33.75783;-84.31478 33.75862;-84.31479 33.7613;-84.31479 33.76137;-84.31478 33.76147;-84.31476 33.76157;-84.31473 33.76166;-84.3147 33.76176;-84.31468 33.76187;-84.31467 33.76197;-84.31467 33.76219;-84.31465 33.76332;-84.31464 33.76426;-84.31464 33.76471;-84.3143 33.76475;-84.31405 33.76478;-84.31383 33.7648;-84.31384 33.76462;-84.31384 33.76453
-84.31379 33.764319;-84.313829 33.76442;-84.313839 33.76453
-84.312439 33.74011;-84.31359 33.74015;-84.31389 33.740159
-84.311299 33.76383;-84.31158 33.763809;-84.31174 33.76381;-84.31208 33.76382;-84.31238 33.76382;-84.312404 33.764462;-84.313046 33.764471;-84.31344 33.76394;-84.31353 33.76399;-84.31362 33.76406;-84.31369 33.76414;-84.31375 33.76422;-84.31379 33.76432
-84.3113 33.76383;-84.31112 33.76384;-84.31111 33.76377;-84.3111 33.76368;-84.31109 33.7633;-84.31108 33.76304;-84.31108 33.76246;-84.31108 33.76174
-84.31105 33.76087;-84.31107 33.76095;-84.311079 33.76108;-84.311079 33.761739
-84.31098 33.760639;-84.311019 33.760739;-84.311049 33.760869
-84.30974 33.74728;-84.3112 33.74731;-84.31409 33.74732;-84.31448 33.74732;-84.31448 33.74625;-84.31448 33.74615;-84.31448 33.74605;-84.31446 33.74595;-84.31444 33.74585;-84.3144 33.74575;-84.31436 33.74566;-84.31432 33.74557;-84.31426 33.74548;-84.31421 33.74539;-84.31416 33.74526;-84.31412 33.74516;-84.3141 33.745;-84.31409 33.74485
-84.30972 33.74526;-84.30973 33.74595;-84.30974 33.74728
-84.30972 33.75106;-84.30972 33.75001;-84.30973 33.74839;-84.30974 33.74728
-84.30972 33.75106;-84.31123 33.75106;-84.31304 33.75109;-84.31425 33.75109;-84.3162 33.75111;-84.31748 33.75112;-84.31763 33.75112;-84.31876 33.75113;-84.31949 33.75113;-84.32024 33.75114;-84.32164 33.75115
-84.30972 33.75106;-84.30973 33.7524;-84.30973 33.75361;-84.30974 33.75388;-84.30975 33.75397;-84.30977 33.75406;-84.30979 33.75409
-84.309719 33.74286;-84.309719 33.745039;-84.30972 33.745259
-84.31244 33.74011;-84.31113 33.74008;-84.30967 33.74004;-84.30968 33.74011;-84.30969 33.7402;-84.30969 33.74027;-84.30969 33.7407;-84.30972 33.74143;-84.30972 33.74286
-84.30603 33.75595;-84.30676 33.75567;-84.30693 33.755609;-84.30776 33.75526;-84.30806 33.75514;-84.30822 33.75506;-84.30838 33.75499;-84.30877 33.75481;-84.30896 33.75472;-84.30915 33.75462;-84.309329 33.75451;-84.309509 33.7544;-84.30986 33.754169;-84.309789 33.75409
-84.30487 33.756389;-84.305339 33.7562;-84.306029 33.75595
-84.31098 33.76064;-84.31092 33.7605;-84.31087 33.76042;-84.31081 33.76034;-84.31075 33.76026;-84.31068 33.76019;-84.31061 33.76012;-84.31053 33.76005;-84.31045 33.75999;-84.31033 33.75992;-84.3102 33.75985;-84.310099 33.75981;-84.31 33.759769;-84.3099 33.75974;-84.3098 33.75972;-84.309689 33.759699;-84.30959 33.759679;-84.30949 33.75967;-84.309379 33.75967;-84.30828 33.759679;-84.3042 33.75969;-84.30409 33.75969;-84.30398 33.75967;-84.303869 33.75965;-84.30377 33.75963;-84.30367 33.7596;-84.30357 33.75956;-84.303469 33.75952;-84.303379 33.75947;-84.30332 33.75943;-84.30337 33.75934;-84.3034 33.75927;-84.30348 33.75897;-84.30366 33.75821;-84.30384 33.75748;-84.30387 33.75737;-84.30392 33.75725;-84.30402 33.75707;-84.30414 33.7569;-84.30428 33.75675;-84.30443 33.75662;-84.3046 33.75651;-84.30487 33.75639
