-84.31673 33.88391;-84.31679 33.88382;-84.31685 33.88374;-84.31691 33.88365;-84.31698 33.88356;-84.31704 33.88348;-84.31711 33.88339;-84.31718 33.88331;-84.31725 33.88323;-84.31733 33.88315;-84.3174 33.88308;-84.31748 33.883;-84.31756 33.88293;-84.31764 33.88286;-84.31795 33.8826;-84.31817 33.88244;-84.31837 33.88231;-84.31874 33.88209;-84.31887 33.88201;-84.32005 33.88133;-84.32048 33.88101;-84.32078 33.88073;-84.32103 33.88047;-84.32121 33.88027;-84.32154 33.87992;-84.32196 33.87942;-84.32225 33.87908;-84.3225 33.87882;-84.32277 33.87854;-84.32312 33.87823;-84.32346 33.87799;-84.32424 33.8775;-84.32538 33.87683;-84.32562 33.87666;-84.32793 33.87532;-84.32859 33.87492;-84.32936 33.87448;-84.33012 33.87399;-84.33024 33.87392;-84.33038 33.87381;-84.33057 33.87364;-84.33097 33.8733;-84.33102 33.87325;-84.33125 33.87302;-84.33166 33.87257;-84.33211 33.87201;-84.33231 33.87175;-84.33387 33.86978;-84.33543 33.86763;-84.33652 33.8661;-84.33659 33.86599;-84.33675 33.86574
-84.359129 33.85376;-84.359479 33.853609;-84.359829 33.853389;-84.360059 33.85316
-84.358649 33.845537;-84.35934 33.846679
-84.358649 33.845537;-84.359394 33.845193;-84.359612 33.845025;-84.359062 33.844233;-84.356613 33.845433;-84.357174 33.846274;-84.358649 33.845537
-84.354319 33.854659;-84.35585 33.854079;-84.35611 33.85402;-84.35707 33.85403;-84.35806 33.85397;-84.35913 33.85376
-84.35081 33.855759;-84.351009 33.855709;-84.35153 33.85556;-84.35251 33.85524;-84.3537 33.85486;-84.35432 33.85466
-84.34757 33.85775;-84.34767 33.85774;-84.34777 33.85772;-84.34786 33.8577;-84.34796 33.85767;-84.34806 33.85765;-84.34815 33.85762;-84.34825 33.85758;-84.34834 33.85755;-84.34871 33.85736;-84.35046 33.85602;-84.35081 33.85576
-84.347369 33.85778;-84.347469 33.857769;-84.34757 33.857749
-84.34459 33.857499;-84.344689 33.857509;-84.34479 33.85752;-84.3449 33.85753;-84.345 33.85754;-84.34527 33.85757;-84.34647 33.85776;-84.3467 33.85778;-84.34683 33.85779;-84.34695 33.8578;-84.34718 33.85779;-84.34737 33.85778
-84.34376 33.85751;-84.34386 33.8575;-84.34396 33.8575;-84.34407 33.8575;-84.34417 33.85749;-84.34427 33.85749;-84.34438 33.85749;-84.34448 33.8575;-84.34459 33.8575
-84.343389 33.857549;-84.343649 33.857519;-84.343759 33.85751
-84.34319 33.85758;-84.34329 33.85757;-84.34339 33.85755
-84.34299 33.857619;-84.343089 33.857599;-84.34319 33.857579
-84.3405 33.8591;-84.34073 33.85882;-84.34079 33.85874;-84.34085 33.85867;-84.34092 33.85861;-84.34099 33.85854;-84.34106 33.85848;-84.34114 33.85842;-84.34124 33.85834;-84.34132 33.85828;-84.34146 33.85819;-84.34155 33.85815;-84.34164 33.8581;-84.34173 33.85805;-84.34182 33.85801;-84.34191 33.85797;-84.34201 33.85793;-84.3421 33.85789;-84.3422 33.85785;-84.34229 33.85782;-84.34239 33.85778;-84.34249 33.85775;-84.34259 33.85772;-84.34269 33.85769;-84.34279 33.85767;-84.34289 33.85764;-84.34299 33.85762
-84.33981 33.86061;-84.33989 33.86045;-84.33995 33.86034;-84.34004 33.86011;-84.34012 33.85989;-84.34022 33.85965;-84.3403 33.85947;-84.34039 33.85927;-84.3405 33.8591
-84.33932 33.86129;-84.33941 33.86118;-84.33951 33.86105;-84.33962 33.8609;-84.33981 33.86061
-84.339029 33.861629;-84.33912 33.861529;-84.339319 33.861289
-84.3405 33.8591;-84.34049 33.85907;-84.34049 33.85903;-84.34049 33.85897;-84.34054 33.85875;-84.34056 33.85859;-84.340279 33.858405;-84.339876 33.858431;-84.3388 33.8607;-84.33913 33.8607;-84.3392 33.8607;-84.33943 33.86067;-84.33981 33.86061
-84.33797 33.86337;-84.33835 33.86259;-84.33842 33.86246;-84.3386 33.86219;-84.338799 33.86191;-84.33903 33.86163
-84.336749 33.86574;-84.337069 33.865169;-84.33797 33.863369
-84.35934 33.84668;-84.36073 33.84872;-84.36197 33.85052;-84.36191 33.8506;-84.3615 33.85101;-84.36095 33.85164;-84.36058 33.85217;-84.36006 33.85316
-84.315749 33.885349;-84.316109 33.88483;-84.316729 33.88391
-84.31095 33.89053;-84.31108 33.89044;-84.3115 33.8901;-84.31233 33.88943;-84.31299 33.88892;-84.31326 33.88869;-84.31339 33.88857;-84.31347 33.88849;-84.31354 33.88842;-84.31361 33.88835;-84.31368 33.88827;-84.31375 33.8882;-84.31382 33.88812;-84.31389 33.88804;-84.31422 33.88764;-84.31532 33.88605;-84.31575 33.88535
-84.29271 33.90747;-84.29459 33.9056;-84.29547 33.90472;-84.296619 33.90361;-84.299589 33.900609;-84.30009 33.90012;-84.30187 33.89836;-84.30278 33.89746;-84.3034 33.89685;-84.30461 33.89564;-84.306 33.89433;-84.30742 33.89322;-84.30919 33.89188;-84.31017 33.89113;-84.310949 33.89053
-84.292009 33.90829;-84.292589 33.90765;-84.29266 33.90757;-84.29271 33.90747
-84.291669 33.908399;-84.292219 33.907819;-84.29242 33.90765;-84.29249 33.9076;-84.29256 33.90755;-84.29263 33.90751;-84.29271 33.90747
-84.29022 33.90972;-84.29056 33.90944;-84.29075 33.909279;-84.29101 33.90905;-84.29167 33.9084
-84.288029 33.910759;-84.2881 33.91075;-84.288199 33.910759;-84.288299 33.910779;-84.2884 33.91081;-84.28864 33.91088;-84.28976 33.91008;-84.289949 33.90994;-84.290219 33.90972
-84.288029 33.910759;-84.28806 33.910779;-84.28811 33.91079;-84.28822 33.91081;-84.28827 33.91082;-84.288299 33.91085;-84.288339 33.91088;-84.28836 33.91091;-84.288379 33.91095;-84.2884 33.911049;-84.288609 33.91117;-84.28976 33.91035;-84.29002 33.91015;-84.29049 33.90979;-84.29063 33.90968;-84.29082 33.90952;-84.291 33.90935;-84.2912 33.90916;-84.29132 33.90904;-84.29161 33.90873;-84.29201 33.90829
-84.283279 33.90945;-84.28378 33.90988;-84.28387 33.90994;-84.28396 33.91;-84.28405 33.91006;-84.28414 33.91012;-84.28423 33.91018;-84.28432 33.91023;-84.28446 33.9103;-84.28469 33.910399;-84.28481 33.91045;-84.285289 33.91061;-84.285389 33.91064;-84.28553 33.910669;-84.28573 33.91071;-84.285829 33.91073;-84.28595 33.91075;-84.28618 33.910779;-84.28634 33.9108;-84.286589 33.91082;-84.2868 33.91084;-84.28698 33.91084;-84.28721 33.91084;-84.287489 33.91081;-84.28763 33.9108;-84.287759 33.910779;-84.288029 33.910759
-84.280479 33.902831;-84.281209 33.902357;-84.28061 33.901981;-84.28 33.902536;-84.280479 33.902831
-84.27902 33.90292;-84.279717 33.903431;-84.280479 33.902831
-84.27902 33.90292;-84.2791 33.90287;-84.27921 33.9028;-84.27941 33.90265;-84.27958 33.90253;-84.28015 33.90206;-84.28029 33.90191;-84.27942 33.90124;-84.279119 33.901019;-84.279029 33.90096
-84.27719 33.9006;-84.27759 33.90102;-84.27787 33.90133;-84.27806 33.90155;-84.27823 33.90174;-84.27829 33.90181;-84.27834 33.90188;-84.27838 33.90196;-84.27846 33.90209;-84.27854 33.90222;-84.27859 33.90231;-84.27871 33.90251;-84.27874 33.90255;-84.27888 33.90274;-84.27902 33.90292
-84.27711 33.900459;-84.2777 33.89998;-84.27864 33.90068;-84.27883 33.90082;-84.27903 33.90096
-84.27711 33.900459;-84.277149 33.900549;-84.277189 33.9006
-84.27594 33.90133;-84.27649 33.90094;-84.27711 33.900459
-84.283279 33.90945;-84.283 33.90909;-84.283009 33.909009;-84.28271 33.90873;-84.282339 33.90836;-84.28195 33.90798;-84.28139 33.90744;-84.27987 33.90592;-84.279429 33.90553;-84.279299 33.90542;-84.27922 33.90537;-84.27915 33.90531;-84.279069 33.90526;-84.27899 33.90521;-84.27892 33.90515;-84.27884 33.9051;-84.278759 33.90506;-84.278529 33.90492;-84.27826 33.904779;-84.27708 33.90415;-84.27658 33.90387;-84.276159 33.90363;-84.27587 33.903459;-84.27573 33.903369;-84.275579 33.903279;-84.27542 33.903169;-84.27521 33.90301;-84.27499 33.90283;-84.274859 33.90271;-84.274819 33.90267;-84.27483 33.9025;-84.27484 33.90244;-84.27487 33.90237;-84.274909 33.902319;-84.27498 33.90221;-84.27551 33.90179;-84.27585 33.90151;-84.27589 33.90146;-84.27592 33.90139;-84.27594 33.90133
-84.27594 33.90133;-84.27584 33.90135;-84.27575 33.90139;-84.27566 33.90145;-84.27552 33.90154;-84.27542 33.90161;-84.27484 33.90208;-84.27447 33.90236;-84.27457 33.90254;-84.27458 33.90258;-84.27458 33.902609;-84.274589 33.90264;-84.27475 33.90278;-84.27481 33.90283;-84.275039 33.90303;-84.27516 33.90311;-84.275359 33.90325;-84.27556 33.90339;-84.27588 33.90359;-84.27606 33.9037;-84.27619 33.90378;-84.27633 33.90385;-84.27653 33.90396;-84.27699 33.904219;-84.27817 33.904849;-84.27842 33.905;-84.27852 33.905049;-84.27861 33.9051;-84.2787 33.905159;-84.27879 33.90522;-84.27887 33.90528;-84.27896 33.905339;-84.27905 33.905409;-84.27913 33.90547;-84.279209 33.90554;-84.279299 33.905609;-84.27958 33.90587;-84.27967 33.90596;-84.279739 33.90603;-84.281269 33.90753;-84.28227 33.90847;-84.28291 33.909079;-84.283279 33.90945
