-84.29796 33.85442;-84.29833 33.85413;-84.29882 33.85376;-84.29931 33.85339;-84.29966 33.85311;-84.30106 33.8519;-84.30164 33.85141;-84.30193 33.85117;-84.30256 33.85063;-84.30284 33.85038;-84.30307 33.85016;-84.30336 33.84985;-84.30344 33.84976;-84.30355 33.84965;-84.30387 33.84925;-84.30407 33.84896;-84.30437 33.84848;-84.30466 33.84797;-84.30498 33.8474;-84.30533 33.84679;-84.30566 33.84619;-84.30606 33.84551;-84.30639 33.84491;-84.30648 33.84478;-84.30683 33.84414;-84.30711 33.84365;-84.30734 33.84331;-84.3075 33.8431;-84.30781 33.84275;-84.308 33.84257;-84.30836 33.84227;-84.30868 33.84206;-84.3089 33.84193;-84.30917 33.84178;-84.30969 33.84155;-84.30993 33.84146;-84.31016 33.84139;-84.31055 33.84127;-84.31088 33.84118;-84.31094 33.84113;-84.31107 33.84111;-84.31124 33.84108;-84.31146 33.84105;-84.31177 33.84102;-84.31202 33.841;-84.31251 33.84101;-84.31269 33.84101;-84.31292 33.84101;-84.31316 33.841
-84.33695 33.85294;-84.33705 33.85296;-84.33715 33.85298;-84.33725 33.85299;-84.33773 33.85301;-84.33783 33.85302;-84.33792 33.85303;-84.33802 33.85304;-84.33812 33.85305;-84.33822 33.85307;-84.33831 33.8531;-84.33846 33.85314;-84.33903 33.85334;-84.33909 33.85336;-84.33914 33.85337;-84.33919 33.85337;-84.33922 33.85357;-84.33934 33.85469;-84.33936 33.85492;-84.33945 33.85549;-84.33947 33.85559;-84.3395 33.85572;-84.33962 33.85601;-84.34002 33.85679;-84.34023 33.85722;-84.3404 33.85765;-84.34041 33.85768;-84.34048 33.85789;-84.34051 33.858;-84.34053 33.85815
-84.33669 33.85287;-84.33676 33.85289;-84.33686 33.852919;-84.33695 33.852939
-84.33416 33.85095;-84.33494 33.85157;-84.33548 33.85201;-84.336 33.85242;-84.33637 33.85269;-84.33644 33.85274;-84.33652 33.85279;-84.336599 33.85283;-84.336689 33.85287
-84.33322 33.850139;-84.333289 33.850189;-84.33359 33.850459;-84.333969 33.850789;-84.334159 33.85095
-84.33252 33.84968;-84.33262 33.84973;-84.33271 33.84978;-84.33286 33.84987;-84.33293 33.84992;-84.333 33.84997;-84.33307 33.85003;-84.33315 33.85008;-84.33322 33.85014
-84.33065 33.84899;-84.33073 33.84902;-84.33096 33.84911;-84.33112 33.84916;-84.33158 33.84932;-84.33202 33.84948;-84.33213 33.84953;-84.33223 33.84956;-84.33233 33.8496;-84.332429 33.849639;-84.332519 33.849679
-84.32936 33.84794;-84.32986 33.84841;-84.33014 33.84866;-84.33027 33.84876;-84.3304 33.84885;-84.33053 33.848919;-84.33065 33.848989
-84.328449 33.847119;-84.329109 33.847729;-84.32936 33.847939
-84.328449 33.847119;-84.32845 33.84712
-84.3273 33.8442;-84.32748 33.84447;-84.32748 33.84455;-84.32749 33.84463;-84.3275 33.84477;-84.32752 33.8449;-84.32756 33.84516;-84.32758 33.84524;-84.32762 33.84543;-84.32766 33.84558;-84.32777 33.84589;-84.32787 33.84615;-84.32794 33.84633;-84.32805 33.8466;-84.32817 33.84679;-84.32826 33.84691;-84.32841 33.84708;-84.328449 33.847119
-84.327299 33.83594;-84.327309 33.83597;-84.327309 33.836009
-84.32729 33.836119;-84.3273 33.836079;-84.32731 33.836039;-84.32731 33.836009
-84.327199 33.836209;-84.327259 33.836149;-84.327289 33.83612
-84.32675 33.835699;-84.32692 33.835649;-84.32696 33.835639;-84.327 33.835639;-84.32703 33.835639;-84.32707 33.835649;-84.32711 33.835669;-84.32714 33.835689;-84.32717 33.835729;-84.3273 33.835939
-84.32564 33.844199;-84.32575 33.844219;-84.32586 33.844229;-84.32596 33.844239;-84.32607 33.844239;-84.32663 33.844229;-84.32699 33.844219;-84.3273 33.844199
-84.325349 33.84413;-84.32544 33.84415;-84.325539 33.844179;-84.325639 33.844199
-84.32498 33.844009;-84.32508 33.844039;-84.32517 33.844069;-84.32526 33.844099;-84.32535 33.844129
-84.32339 33.84336;-84.32403 33.84364;-84.32437 33.84377;-84.32489 33.84398;-84.324979 33.84401
-84.32303 33.83836;-84.32514 33.83726;-84.32595 33.83685;-84.32667 33.83649;-84.3272 33.83621
-84.32181 33.84152;-84.321959 33.841869;-84.32206 33.842069;-84.32213 33.842199;-84.32218 33.842289;-84.32229 33.842429;-84.32246 33.842609;-84.32268 33.842809;-84.32289 33.842999;-84.32298 33.843089;-84.32309 33.843179;-84.32339 33.843359
-84.32137 33.839199;-84.3222 33.838779;-84.32303 33.838359
-84.320659 33.840109;-84.320759 33.84023;-84.32081 33.840289;-84.32089 33.840379;-84.32111 33.840609;-84.32148 33.840999;-84.321599 33.841149;-84.32167 33.841259;-84.32171 33.841329;-84.32181 33.841519
-84.320351 33.83965;-84.32082 33.83945;-84.32102 33.83937;-84.32137 33.8392
-84.320351 33.83965;-84.32047 33.839829;-84.32066 33.840109
-84.32035 33.839649;-84.320351 33.83965
-84.3174 33.83956;-84.31812 33.8395;-84.31843 33.83945;-84.31905 33.83932;-84.31968 33.83914;-84.3203 33.83893;-84.32098 33.83864;-84.32143 33.83841;-84.32278 33.83771;-84.32444 33.83688;-84.32538 33.8364;-84.32554 33.83633;-84.3258 33.8362;-84.326 33.8361;-84.32633 33.83593;-84.32675 33.8357
-84.31508 33.839769;-84.3157 33.839709;-84.3174 33.839559
-84.313159 33.840999;-84.313419 33.840989;-84.3142 33.84086;-84.314449 33.8408;-84.3149 33.84071;-84.31561 33.84056;-84.31615 33.84044;-84.31624 33.84046;-84.31654 33.84041;-84.31683 33.84037;-84.31761 33.84029;-84.31786 33.84025;-84.31808 33.84022;-84.31837 33.84018;-84.31886 33.84008;-84.31938 33.83996;-84.31987 33.83981;-84.32035 33.83965;-84.320351 33.83965
-84.31291 33.8399;-84.31304 33.83987;-84.31332 33.83983;-84.31369 33.83984;-84.31484 33.83982;-84.31495 33.83978;-84.31508 33.83977
-84.312299 33.840039;-84.312569 33.839969;-84.312719 33.83994;-84.31291 33.839899
-84.31098 33.84035;-84.31218 33.84007;-84.3123 33.84004
-84.30649 33.843299;-84.30666 33.843029;-84.30699 33.84256;-84.30723 33.84229;-84.30766 33.84186;-84.30833 33.84136;-84.30873 33.84113;-84.30911 33.84092;-84.30942 33.8408;-84.30971 33.84068;-84.31021 33.84053;-84.31076 33.840389;-84.31098 33.840349
-84.30593 33.8443;-84.30631 33.84363;-84.30649 33.8433
-84.305019 33.845879;-84.30558 33.844899;-84.30593 33.844299
-84.30485 33.88712;-84.304239 33.887839;-84.304718 33.888331;-84.305633 33.887633;-84.30485 33.88712
-84.30066 33.89054;-84.30136 33.88997;-84.30206 33.88939;-84.30215 33.88932;-84.30226 33.88921;-84.30244 33.88903;-84.3027 33.88877;-84.30281 33.88867;-84.3033 33.88828;-84.30392 33.88781;-84.30444 33.88742;-84.30485 33.88712
-84.298839 33.891999;-84.299729 33.8913;-84.300659 33.89054
-84.34053 33.85815;-84.3388 33.8607;-84.33913 33.8607;-84.3392 33.8607;-84.33943 33.86067;-84.33981 33.86061;-84.33989 33.86045;-84.33995 33.86034;-84.34004 33.86011;-84.34012 33.85989;-84.34022 33.85965;-84.3403 33.85947;-84.34039 33.85927;-84.3405 33.8591;-84.34049 33.85907;-84.34049 33.85903;-84.34049 33.85897;-84.34054 33.85875;-84.34056 33.85859;-84.34057 33.85848;-84.34056 33.8583;-84.34053 33.85815
-84.29682 33.855289;-84.297359 33.854859;-84.297959 33.85442
-84.29555 33.85548;-84.29611 33.85502;-84.29643 33.85476;-84.29668 33.85456;-84.29741 33.85396;-84.29783 33.85362;-84.29825 33.85328;-84.29842 33.85315;-84.29866 33.85292;-84.29898 33.85267;-84.29945 33.85229;-84.30002 33.85183;-84.30049 33.85145;-84.30086 33.85115;-84.30133 33.85076;-84.30186 33.8503;-84.3022 33.85;-84.30247 33.84973;-84.30258 33.84965;-84.30287 33.84931;-84.30323 33.84886;-84.3035 33.84846;-84.30375 33.84806;-84.304 33.84765;-84.30432 33.84713;-84.30462 33.84658;-84.30469 33.84647;-84.30475 33.84636;-84.30502 33.84588
-84.29337 33.89179;-84.29364 33.89179;-84.29467 33.89179;-84.29682 33.89179;-84.2976 33.8918;-84.29803 33.8918;-84.29818 33.89182;-84.29831 33.89184;-84.29845 33.89187;-84.29884 33.892
-84.29327 33.891779;-84.293369 33.891789;-84.29364 33.891789
-84.29287 33.89175;-84.29297 33.89176;-84.29307 33.89177;-84.29317 33.89178;-84.29327 33.89178
-84.29016 33.87362;-84.29024 33.87332;-84.29032 33.87295;-84.29038 33.8725;-84.2904 33.87221;-84.2904 33.87195;-84.29041 33.8711;-84.2904 33.87057;-84.29038 33.87031
-84.290029 33.873979;-84.290109 33.873759;-84.290159 33.87362
-84.289909 33.868079;-84.290329 33.869999;-84.29038 33.870309
-84.2898 33.86755;-84.28991 33.86808
-84.28976 33.8664;-84.28978 33.86635;-84.28979 33.86629;-84.2898 33.86617;-84.28981 33.86599;-84.289809 33.865829;-84.2898 33.865729
-84.28975 33.86711;-84.28975 33.86679;-84.28976 33.8664
-84.289749 33.86711;-84.289769 33.867279;-84.289799 33.86755
-84.28973 33.86608;-84.28973 33.866079
-84.28973 33.866329;-84.28973 33.866259;-84.28973 33.86608
-84.28973 33.86633;-84.28974 33.86637;-84.28976 33.8664
-84.28967 33.86536;-84.28971 33.86545;-84.28975 33.86554;-84.28978 33.86563;-84.2898 33.86573
-84.28962 33.86558;-84.28965 33.86567;-84.28968 33.86572;-84.28969 33.86578;-84.2897 33.86584;-84.28972 33.86593;-84.28973 33.86608
-84.28961 33.86465;-84.28976 33.86445;-84.28983 33.86436;-84.28998 33.86417;-84.29008 33.86405;-84.29022 33.86388;-84.29035 33.86373;-84.29046 33.86362;-84.29055 33.86353;-84.29075 33.86334;-84.29092 33.8632;-84.29118 33.86298;-84.29136 33.86282;-84.29155 33.86263;-84.29173 33.86244;-84.29192 33.86222;-84.29217 33.86192;-84.29242 33.86155;-84.2926 33.86129;-84.29293 33.8607;-84.29327 33.86009;-84.29362 33.85947;-84.29396 33.85884;-84.29426 33.85831;-84.29461 33.85772;-84.29494 33.85726;-84.29522 33.85689;-84.29552 33.85654;-84.29577 33.85627;-84.29595 33.85608;-84.29619 33.85585;-84.29644 33.85561;-84.29682 33.85529
-84.28967 33.865359;-84.289579 33.865069;-84.289549 33.86501;-84.28954 33.864959;-84.28953 33.8649;-84.289539 33.86485;-84.28961 33.864649
-84.289519 33.865429;-84.289569 33.8655;-84.289619 33.865579
-84.28952 33.86543;-84.28946 33.86535;-84.2894 33.86528;-84.28931 33.86519;-84.28919 33.86508;-84.28879 33.86471;-84.28862 33.86456;-84.28827 33.86422;-84.28842 33.8641;-84.28884 33.86386;-84.28895 33.86379;-84.28907 33.86371;-84.28923 33.8636;-84.28954 33.86335;-84.28994 33.86302;-84.29025 33.86271;-84.29076 33.86223;-84.29103 33.86197;-84.29147 33.86151;-84.2917 33.86123;-84.29198 33.86086;-84.29217 33.86057;-84.29226 33.8604;-84.29248 33.86001;-84.29269 33.85961;-84.29291 33.85921;-84.29313 33.85881;-84.29333 33.85844;-84.29371 33.85775;-84.29401 33.85722;-84.29414 33.85703;-84.29436 33.85674;-84.29464 33.8564;-84.2948 33.85622;-84.29503 33.85596;-84.295389 33.855619;-84.295549 33.855479
-84.287469 33.877779;-84.287539 33.87764;-84.28768 33.8774;-84.28778 33.87725;-84.2879 33.8771;-84.28804 33.87694;-84.28822 33.87674;-84.28851 33.87642;-84.28882 33.87606;-84.28902 33.87578;-84.28923 33.87545;-84.28954 33.87494;-84.28972 33.87464;-84.28987 33.87435;-84.29003 33.87398
-84.28488 33.88357;-84.2849 33.88347;-84.28491 33.88338;-84.28493 33.88326;-84.28498 33.88313;-84.28505 33.88299;-84.28528 33.88261;-84.28598 33.88147;-84.28686 33.88003;-84.28697 33.87982;-84.28706 33.87961;-84.28711 33.87946;-84.28718 33.8791;-84.28726 33.87847;-84.2873 33.87828;-84.28735 33.8781;-84.28741 33.87792;-84.28747 33.87778
-84.28487 33.884569;-84.284879 33.883709;-84.28488 33.883569
-84.28487 33.88457;-84.28491 33.88516;-84.28492 33.8853;-84.28495 33.88551;-84.28497 33.88563;-84.28508 33.88624;-84.28516 33.88679;-84.28534 33.88784;-84.28549 33.88872;-84.28555 33.88873;-84.2856 33.88875;-84.28576 33.88883;-84.28619 33.88904;-84.28636 33.88912;-84.28868 33.89027;-84.28921 33.89053;-84.28974 33.89078;-84.29009 33.89095;-84.29045 33.89112;-84.29071 33.89123;-84.29095 33.89132;-84.29118 33.8914;-84.29147 33.89149;-84.29182 33.89158;-84.29208 33.89164;-84.29228 33.89168;-84.29253 33.89171;-84.29266 33.89173;-84.29276 33.891739;-84.29287 33.891749
