-84.36061 33.70975;-84.36 33.70937;-84.35951 33.70895;-84.35838 33.70895;-84.35606 33.70891;-84.35567 33.70889;-84.35493 33.70886;-84.35423 33.70886;-84.3526 33.709;-84.35246 33.71037;-84.35248 33.71062;-84.35284 33.7121;-84.35313 33.71321;-84.35315 33.71378;-84.35304 33.71565;-84.3541 33.71591;-84.3546 33.71611;-84.35553 33.71664;-84.3558 33.71684;-84.35614 33.717;-84.35645 33.71704;-84.35901 33.717;-84.36528 33.7171;-84.36667 33.71713;-84.36855 33.71716;-84.36853 33.71831;-84.3685 33.72002;-84.36848 33.72197
-84.39343 33.74437;-84.39343 33.74408;-84.39343 33.74258;-84.39342 33.74191;-84.39343 33.74072;-84.39346 33.73805;-84.39343 33.73686
-84.39342 33.74519;-84.39343 33.74483;-84.39343 33.74455
-84.393415 33.74548;-84.393415 33.745319;-84.393415 33.745194
-84.39339 33.7459;-84.393419 33.745709;-84.393419 33.74548
-84.393361 33.746053;-84.393383 33.745901
-84.39346 33.75273;-84.39436 33.75163;-84.39371 33.75127;-84.39307 33.75092;-84.39188 33.75027;-84.39272 33.74922;-84.39366 33.74806;-84.3945 33.74696;-84.3945 33.74692;-84.3945 33.74623;-84.3945 33.74605;-84.39452 33.74564;-84.39452 33.74548;-84.39452 33.74532;-84.39452 33.74518;-84.39452 33.74492;-84.39452 33.74471;-84.39452 33.74454;-84.39455 33.74332;-84.39456 33.74258;-84.39456 33.74194;-84.39458 33.74074;-84.39459 33.7395;-84.39462 33.73805;-84.39458 33.73685;-84.39343 33.73686
-84.39069 33.74965;-84.39154 33.74861;-84.39247 33.74748;-84.39288 33.7469;-84.39326 33.74629;-84.39334 33.74614;-84.393369 33.74605
-84.390689 33.74965;-84.39069 33.74965
-84.39346 33.752729;-84.39259 33.75386;-84.39192 33.75351;-84.39126 33.75317;-84.39135 33.753069;-84.3922 33.75203;-84.39102 33.75137;-84.38986 33.750724;-84.39069 33.74965
-84.38791 33.73177;-84.38944 33.73178;-84.3909 33.7318;-84.390869 33.73299;-84.39085 33.73422;-84.39082 33.73564;-84.39084 33.73685;-84.39113 33.73683;-84.39134 33.73683;-84.39178 33.73683;-84.39212 33.73682;-84.3923 33.73682;-84.39259 33.73682;-84.39343 33.73686
-84.3788 33.71738;-84.3788 33.717379
-84.3788 33.71738;-84.3788 33.71738
-84.378659 33.72194;-84.378679 33.72069;-84.37869 33.72005;-84.37872 33.71896;-84.3788 33.71738
-84.37848 33.729059;-84.378504 33.728254;-84.37856 33.726459
-84.37846 33.73151;-84.37987 33.73155;-84.38094 33.73157;-84.38324 33.73161;-84.38437 33.73166;-84.38632 33.7317;-84.38791 33.73177
-84.378459 33.730329;-84.37988 33.73035;-84.38094 33.73035;-84.38324 33.73036;-84.38438 33.73036;-84.38622 33.73039;-84.38789 33.73041;-84.38791 33.73177
-84.378459 33.730329;-84.37848 33.72906
-84.378459 33.73151;-84.378459 33.730329
-84.37741 33.71632;-84.37787 33.71661;-84.37817 33.71672;-84.37849 33.71684;-84.3788 33.71738
-84.376743 33.715901;-84.377406 33.716321
-84.37061 33.72197;-84.37244 33.72198;-84.37535 33.722;-84.376539 33.721979;-84.37866 33.72194;-84.3786 33.72426;-84.37856 33.72646
-84.368475 33.721971;-84.370605 33.721971
-84.36479 33.71243;-84.36537 33.71272;-84.36617 33.71307;-84.366689 33.713229;-84.36858 33.713839;-84.37003 33.71384;-84.37235 33.713859;-84.373259 33.71387;-84.37367 33.713959;-84.37552 33.715159;-84.376749 33.715899
-84.36061 33.709749;-84.36145 33.71035;-84.363099 33.71139;-84.36414 33.712029;-84.36479 33.712429
-84.393426 33.74455;-84.393426 33.744451;-84.393426 33.74437
