-84.19658 33.80054;-84.1967 33.80049;-84.19684 33.80044;-84.1971 33.80037;-84.19747 33.80029;-84.1979 33.80023;-84.19838 33.80019;-84.19886 33.80021;-84.1993 33.80025;-84.1998 33.80033;-84.20076 33.8005;-84.20149 33.80063;-84.20164 33.80065;-84.20271 33.80083;-84.20347 33.80096;-84.2044 33.80111;-84.20474 33.80115;-84.20501 33.80117;-84.20539 33.80118;-84.20613 33.80115;-84.20643 33.80113;-84.20725 33.80109;-84.20899 33.80097;-84.21207 33.80078;-84.21406 33.80064;-84.21418 33.80063;-84.21439 33.80061;-84.21466 33.80056;-84.21491 33.8005;-84.21533 33.80039;-84.21701 33.79991;-84.2186 33.79946;-84.22085 33.79881;-84.22109 33.79873;-84.22133 33.79864
-84.23863 33.78024;-84.23873 33.78009;-84.23879 33.78001;-84.23884 33.77992;-84.2389 33.77983;-84.23896 33.77975;-84.23901 33.77966;-84.23907 33.77958;-84.23913 33.77949;-84.23918 33.77941;-84.23924 33.77933;-84.2393 33.77924;-84.23934 33.77919;-84.239399 33.779129;-84.23946 33.77906;-84.23953 33.779;-84.2396 33.77894;-84.23965 33.77891;-84.2397 33.77886;-84.23983 33.77878;-84.23993 33.77871;-84.24002 33.77866;-84.24012 33.7786;-84.24023 33.77856;-84.24059 33.77839;-84.24077 33.77831;-84.24114 33.77815;-84.24132 33.77806;-84.24192 33.77776;-84.24239 33.77755;-84.2438 33.77689;-84.24473 33.77645;-84.2453 33.77616;-84.24568 33.77594;-84.24587 33.77583;-84.2463 33.77555;-84.24666 33.7753;-84.24695 33.77506;-84.24715 33.77489;-84.24726 33.7748;-84.24766 33.77442;-84.24819 33.77386;-84.24849 33.77349;-84.24881 33.77304;-84.24912 33.77256;-84.24943 33.77204;-84.24991 33.77193;-84.25041 33.77183;-84.25074 33.77176;-84.25101 33.77173;-84.251219 33.771699;-84.251449 33.77169
-84.237499 33.78189;-84.237665 33.781646;-84.23805 33.781079;-84.238629 33.78024
-84.23618 33.78373;-84.23622 33.78366;-84.23675 33.78296;-84.23682 33.78286;-84.23688 33.78279;-84.23694 33.78271;-84.23699 33.78263;-84.23705 33.78255;-84.2371 33.78247;-84.23716 33.78239;-84.23721 33.78231;-84.23726 33.78223;-84.2375 33.78189
-84.236079 33.783869;-84.236129 33.783799;-84.23618 33.783729
-84.23288 33.78757;-84.2332 33.78725;-84.23372 33.7867;-84.23378 33.78661;-84.23388 33.7865;-84.23419 33.78614;-84.23502 33.78512;-84.23561 33.78441;-84.23587 33.78411;-84.236 33.78397;-84.23603 33.78394;-84.23608 33.78387
-84.23232 33.78814;-84.23288 33.78757
-84.22423 33.79679;-84.22437 33.79668;-84.22465 33.79644;-84.22493 33.79617;-84.22617 33.79483;-84.22644 33.79454;-84.22676 33.79418;-84.22815 33.79266;-84.22909 33.79164;-84.23009 33.79054;-84.23066 33.78991;-84.231209 33.789349;-84.232319 33.78814
-84.223709 33.79719;-84.22395 33.797009;-84.224229 33.79679
-84.22347 33.79753;-84.22375 33.79734;-84.22398 33.79717;-84.22427 33.79694;-84.22456 33.7967;-84.2248 33.79648;-84.22506 33.79624;-84.22629 33.79491;-84.22655 33.79462;-84.22804 33.79299;-84.22927 33.79165;-84.23026 33.79057;-84.2308 33.78998;-84.23147 33.78927;-84.23189 33.78881;-84.23241 33.78824;-84.23256 33.78807;-84.23266 33.78795;-84.23274 33.78785;-84.23281 33.78773;-84.23288 33.78757
-84.222979 33.79782;-84.223229 33.797679;-84.223469 33.79753
-84.22204 33.79834;-84.22229 33.79821;-84.22269 33.798;-84.22298 33.79782
-84.2214 33.79843;-84.22169 33.79831;-84.22197 33.79819;-84.22225 33.79806;-84.22251 33.79793;-84.22278 33.79779;-84.22302 33.79764;-84.22325 33.7975;-84.22348 33.79734;-84.22371 33.79719
-84.221329 33.79864;-84.221779 33.79846;-84.222039 33.79834
-84.22077 33.798669;-84.22117 33.798519;-84.2214 33.798429
-84.21402 33.80051;-84.21416 33.8005;-84.21439 33.80046;-84.21456 33.80044;-84.21515 33.8003;-84.21693 33.7998;-84.21809 33.79947;-84.22077 33.79867
-84.212059 33.80064;-84.21286 33.800579;-84.214019 33.80051
-84.20477 33.80099;-84.20538 33.80101;-84.20614 33.80099;-84.20806 33.80089;-84.21013 33.80076;-84.21206 33.80064
-84.203699 33.80087;-84.204099 33.80094;-84.204769 33.80099
-84.19682 33.825859;-84.19704 33.825829;-84.19825 33.825689;-84.19826 33.829009
-84.25145 33.77169;-84.25164 33.772764;-84.253195 33.772809
-84.1962 33.828999;-84.198259 33.82901
-84.1962 33.829;-84.19615 33.82883;-84.19608 33.82859;-84.19601 33.82831;-84.19599 33.82821;-84.19597 33.8281;-84.19595 33.828;-84.19593 33.8279;-84.19592 33.8278;-84.1959 33.82769;-84.19589 33.82759;-84.19588 33.82749;-84.19587 33.82738;-84.19586 33.82728;-84.19585 33.82717;-84.19585 33.82707;-84.19584 33.82697;-84.19584 33.82686;-84.19584 33.82676;-84.19584 33.82665;-84.19584 33.82586;-84.19636 33.82588;-84.19645 33.82588;-84.19654 33.82588;-84.19664 33.82587;-84.19673 33.82586;-84.19682 33.82586
-84.195779 33.825399;-84.19578 33.825729;-84.19584 33.825859;-84.195909 33.825729;-84.195919 33.82542
-84.19372 33.80237;-84.1939 33.80225;-84.19414 33.80208;-84.19468 33.80169;-84.19502 33.80144;-84.19538 33.80116;-84.19558 33.80102;-84.19579 33.8009;-84.19601 33.80077;-84.196239 33.800669;-84.196579 33.800539
-84.2037 33.80087;-84.2016 33.80051;-84.20091 33.80039;-84.1995 33.80015;-84.19897 33.80008;-84.19859 33.80006;-84.19823 33.80007;-84.19778 33.8001;-84.19743 33.80016;-84.19711 33.80023;-84.19685 33.80029;-84.19652 33.8004;-84.19631 33.80049;-84.19607 33.80059;-84.19588 33.80069;-84.19567 33.80081;-84.19544 33.80095;-84.19523 33.80108;-84.19471 33.80146;-84.19414 33.80188;-84.19371 33.80215;-84.19372 33.80237
-84.19368 33.80926;-84.19368 33.809259
-84.19592 33.82542;-84.1959 33.82486;-84.19584 33.82443;-84.19577 33.82412;-84.19559 33.82362;-84.19535 33.82313;-84.195 33.82243;-84.19437 33.82117;-84.19418 33.82078;-84.19379 33.81978;-84.19371 33.81936;-84.19368 33.81894;-84.19368 33.81883;-84.19369 33.81766
-84.193679 33.80944;-84.193679 33.809428;-84.19368 33.809259
-84.193679 33.814859;-84.193709 33.81495;-84.193719 33.81507;-84.193719 33.815229;-84.193689 33.817659
-84.19367 33.80808;-84.19368 33.80919;-84.19368 33.809259
-84.19367 33.80808;-84.19367 33.808079;-84.19367 33.80718;-84.19367 33.80547;-84.1937 33.80349;-84.19371 33.80274;-84.19372 33.80237
-84.19367 33.808086;-84.19367 33.80808
-84.19364 33.81478;-84.19368 33.81486
-84.19364 33.81478;-84.19367 33.81358;-84.1937 33.81157;-84.19369 33.81047;-84.19368 33.80944
-84.19364 33.81478;-84.1936 33.81486;-84.19358 33.81492;-84.19357 33.81501;-84.19357 33.81523;-84.19355 33.81635;-84.19355 33.81766;-84.19354 33.81853;-84.19354 33.81882;-84.19353 33.81892;-84.19354 33.81912;-84.19358 33.81952;-84.19365 33.81981;-84.1937 33.82;-84.19377 33.8202;-84.19384 33.8204;-84.19393 33.8206;-84.1941 33.82093;-84.19424 33.82122;-84.19486 33.82245;-84.19536 33.82346;-84.19549 33.82375;-84.19559 33.82405;-84.1957 33.82446;-84.19576 33.82492;-84.19578 33.8254
