-84.44745 33.73372;-84.44823 33.73372;-84.44891 33.73372;-84.45062 33.7336;-84.4516 33.7336;-84.452 33.73364;-84.45306 33.73386;-84.45363 33.73399;-84.45386 33.73399;-84.45547 33.7336;-84.45624 33.73351;-84.45685 33.73338;-84.45715 33.73328;-84.45805 33.73286;-84.45872 33.73244;-84.45911 33.73216;-84.45937 33.73192;-84.4595 33.73174;-84.45969 33.73138;-84.46016 33.73036;-84.46027 33.73018;-84.46074 33.72981;-84.46092 33.72961;-84.46136 33.72923;-84.46165 33.7289;-84.46202 33.72839;-84.46236 33.7281;-84.46303 33.72752;-84.46355 33.72701;-84.46364 33.72675;-84.46406 33.72513;-84.46416 33.72478;-84.46422 33.72441;-84.46428 33.72255;-84.46425 33.72206
-84.462809 33.722499;-84.46306 33.722499
-84.46269 33.71878;-84.46303 33.71902;-84.46352 33.71938;-84.46367 33.7196;-84.46393 33.72089;-84.46425 33.72206
-84.461877 33.722433;-84.462594 33.722504;-84.4628 33.722495
-84.461055 33.717582;-84.462687 33.71878
-84.46002 33.72208;-84.46188 33.72243
-84.45795 33.721757;-84.460018 33.722077
-84.45795 33.721757;-84.45798 33.72044;-84.45801 33.71938;-84.45804 33.71809;-84.45807 33.71671;-84.46013 33.71703;-84.46033 33.71713;-84.46106 33.71758
-84.45795 33.72176;-84.45795 33.721757
-84.457942 33.721756;-84.45795 33.721757
-84.46306 33.7225;-84.46352 33.7224;-84.46425 33.72206
-84.447266 33.733723;-84.44745 33.73372
-84.44717 33.73538;-84.44733 33.73451;-84.44745 33.73372
-84.446865 33.737296;-84.447016 33.736284;-84.447167 33.73538
-84.442979 33.73849;-84.44434 33.738569;-84.446 33.73872;-84.44658 33.73874;-84.44667 33.73846;-84.446869 33.7373
-84.441638 33.738392;-84.442975 33.738489
-84.4391 33.73869;-84.44069 33.73842;-84.44107 33.73839;-84.44164 33.73839
-84.438367 33.738681;-84.438628 33.738716;-84.439095 33.738689
-84.43031 33.73509;-84.43268 33.73653;-84.43326 33.73686;-84.43527 33.73802;-84.43654 33.73811;-84.43681 33.73817;-84.43697 33.738299;-84.43712 33.73843;-84.43719 33.73863;-84.43776 33.73853;-84.43837 33.73868
-84.42932 33.73325;-84.43164 33.73328;-84.43385 33.73332;-84.43532 33.73334;-84.43619 33.73335;-84.43735 33.73337;-84.4375 33.73338;-84.43806 33.73346;-84.4384 33.73361;-84.43889 33.73366;-84.44048 33.73367;-84.44139 33.73367;-84.44382 33.73367;-84.44514 33.73367;-84.44745 33.73372
-84.427199 33.733219;-84.429319 33.733254
-84.427199 33.733219;-84.429287 33.73448;-84.430309 33.735088
-84.427047 33.733121;-84.427199 33.733219
-84.42334 33.73331;-84.42393 33.73254;-84.42468 33.73167;-84.42705 33.73312
-84.423229 33.7346;-84.423279 33.73347;-84.42334 33.733309
-84.41753 33.74992;-84.41753 33.749919
-84.4175 33.75276;-84.4175 33.75247;-84.41751 33.75215;-84.41751 33.75174;-84.41751 33.75104;-84.41753 33.75073;-84.41753 33.750409;-84.41753 33.74992
-84.417458 33.756343;-84.41747 33.75552;-84.41748 33.75471;-84.41748 33.75401;-84.417499 33.75352;-84.417499 33.752759
-84.417176 33.756343;-84.417274 33.756343;-84.417458 33.756343
-84.41531 33.73582;-84.4156 33.73582;-84.41656 33.73581;-84.41762 33.73579;-84.41907 33.73581;-84.4192 33.73581;-84.42039 33.73582;-84.42323 33.73582;-84.42323 33.7346
-84.41405 33.735839;-84.415309 33.73582
-84.41405 33.73705;-84.41405 33.735839
-84.41753 33.74992;-84.41754 33.74924;-84.41754 33.74911;-84.41753 33.74844;-84.41753 33.74724;-84.41753 33.74648;-84.41751 33.74541;-84.41747 33.74449;-84.41528 33.74445;-84.41484 33.74443;-84.41432 33.7444;-84.41397 33.74438;-84.41402 33.74303;-84.41402 33.74182;-84.41402 33.74152;-84.41402 33.74135;-84.41402 33.74097;-84.41403 33.74065;-84.41404 33.73908;-84.41403 33.73822;-84.41405 33.73705
-84.41388 33.75645;-84.41466 33.75648;-84.41621 33.75652;-84.41658 33.75659;-84.41745 33.75667;-84.417458 33.756343
-84.41405 33.73705;-84.413512 33.737074;-84.413532 33.735418;-84.414043 33.735418;-84.41405 33.735839
-84.41281 33.75642;-84.413469 33.75644;-84.413879 33.75645
-84.417479 33.75471;-84.415069 33.754729;-84.414665 33.754724;-84.41432 33.75472;-84.414016 33.754714;-84.413549 33.754709;-84.41272 33.754709;-84.412809 33.75642
-84.23146 33.750649;-84.231669 33.75065
