-84.41403 33.73822;-84.4156 33.73822;-84.41632 33.73822;-84.41762 33.73802;-84.41924 33.73796;-84.42039 33.73801;-84.42221 33.73824;-84.42323 33.73839;-84.42374 33.73843;-84.42474 33.73845;-84.4254 33.73846;-84.42654 33.73848;-84.42722 33.73856;-84.4277 33.73862;-84.42897 33.73875;-84.4294 33.7388;-84.43071 33.73892;-84.43204 33.73901;-84.43239 33.73903;-84.43272 33.73901;-84.43309 33.73894;-84.43349 33.73882;-84.43388 33.73866;-84.43474 33.73849;-84.43494 33.73842;-84.43509 33.7383;-84.43527 33.73802;-84.43564 33.73723;-84.43581 33.73683;-84.4362 33.73599;-84.43654 33.73529;-84.43661 33.73512;-84.43712 33.73405;-84.4375 33.73338;-84.43816 33.7325;-84.43834 33.73232;-84.43918 33.73146;-84.44003 33.73061;-84.44063 33.73;-84.44115 33.72948;-84.44159 33.72902;-84.44164 33.72899;-84.44228 33.72858;-84.44307 33.72803;-84.44356 33.72771;-84.44394 33.72743;-84.44507 33.72664;-84.44633 33.72578;-84.44997 33.72334;-84.45024 33.72316;-84.45192 33.72202;-84.45206 33.72192;-84.45326 33.72124;-84.45357 33.72116;-84.4539 33.72112;-84.45428 33.72115;-84.45543 33.72128;-84.45639 33.72147;-84.45795 33.72176
-84.515092 33.725471;-84.517579 33.726549
-84.515092 33.725471;-84.515216 33.725173;-84.51581 33.72371;-84.51665 33.7231;-84.51799 33.72173;-84.519 33.72125;-84.51993 33.72081;-84.52028 33.7206;-84.52063 33.72017;-84.52097 33.71899;-84.52158 33.71826;-84.52168 33.71802;-84.52226 33.71832;-84.52237 33.71844;-84.52267 33.71896;-84.5228 33.71912;-84.52318 33.71945
-84.49643 33.721529;-84.49767 33.722039;-84.49915 33.722584;-84.499896 33.722871;-84.500321 33.722993;-84.500877 33.72301;-84.502054 33.723013;-84.502624 33.723009;-84.502894 33.723009;-84.503125 33.723014;-84.503226 33.723013;-84.503346 33.723007;-84.505722 33.723071;-84.506216 33.723073;-84.507151 33.723221;-84.507258 33.723242;-84.507847 33.723355;-84.510287 33.723797;-84.510559 33.723836;-84.510735 33.723862;-84.511305 33.72395;-84.511806 33.724077;-84.512612 33.724317;-84.514214 33.725035;-84.514792 33.72531;-84.515092 33.725471
-84.49271 33.72061;-84.493 33.72069;-84.49457 33.72105;-84.49596 33.72136;-84.49643 33.72153
-84.488099 33.719829;-84.48902 33.719979;-84.490269 33.720159;-84.490819 33.720255;-84.492709 33.72061
-84.47498 33.71976;-84.47586 33.71999;-84.47614 33.71999;-84.47696 33.71996;-84.47751 33.71999;-84.47868 33.72017;-84.47916 33.72023;-84.47972 33.72021;-84.4805 33.72012;-84.4823 33.71996;-84.48369 33.71983;-84.48471 33.71982;-84.48636 33.71982;-84.4881 33.71983
-84.474608 33.719672;-84.474978 33.719761
-84.4626 33.7225;-84.46281 33.7225;-84.46306 33.7225;-84.46352 33.7224;-84.46425 33.72206;-84.4659 33.72142;-84.46692 33.72105;-84.46919 33.7206;-84.47156 33.72009;-84.47231 33.71994;-84.47333 33.71968;-84.47382 33.71962;-84.47417 33.7196;-84.47461 33.71967
-84.461877 33.722433;-84.462594 33.722504
-84.46002 33.72208;-84.46188 33.72243
-84.457942 33.721756;-84.460018 33.722077
-84.51758 33.72655;-84.51805 33.72682;-84.51906 33.72745;-84.52057 33.72852;-84.5208 33.72864;-84.52182 33.72894;-84.52231 33.72917;-84.52324 33.72952;-84.52341 33.72961;-84.5235 33.72968;-84.52408 33.73022;-84.52469 33.73073;-84.52565 33.73146;-84.52625 33.73186;-84.52811 33.73276;-84.5289 33.73309;-84.52919 33.73322;-84.532508 33.733968;-84.532324 33.734299
-84.41403 33.73822;-84.41405 33.73705;-84.41405 33.73584;-84.413358 33.735839;-84.413316 33.737039;-84.412816 33.737057;-84.41284 33.7382;-84.41403 33.73822
