-84.52643 33.76694;-84.52663 33.76685;-84.52724 33.76657;-84.52747 33.76646;-84.52768 33.76637;-84.52811 33.76617;-84.52898 33.76579;-84.53003 33.76537;-84.53171 33.7646;-84.5321 33.7644;-84.53323 33.76384;-84.53586 33.76227;-84.53702 33.7616;-84.53964 33.76006;-84.54097 33.75926;-84.54207 33.75854;-84.54254 33.75813;-84.54333 33.75745;-84.54579 33.75526;-84.549 33.75261;-84.55156 33.75023;-84.55249 33.74937;-84.55315 33.74886;-84.55397 33.74823;-84.55511 33.74738;-84.55586 33.7468;-84.55681 33.74614;-84.55782 33.74565
-84.59061 33.71481;-84.59076 33.7148
-84.58723 33.71455;-84.58791 33.71359;-84.58797 33.71355;-84.58887 33.71268;-84.59119 33.71065;-84.59198 33.71118;-84.5922 33.7113;-84.59232 33.71138;-84.59241 33.71146;-84.59216 33.71172;-84.59128 33.71255;-84.5912 33.71262;-84.59073 33.71341;-84.59067 33.71365;-84.59061 33.71481
-84.586556 33.71594;-84.587225 33.714551
-84.58304 33.72511;-84.58359 33.72427;-84.5842 33.72311;-84.5851 33.7204;-84.58623 33.71696;-84.58656 33.71594
-84.58304 33.72511;-84.58333 33.72523;-84.58513 33.72612;-84.5856 33.72633;-84.58603 33.72646;-84.58713 33.72658;-84.59015 33.72684;-84.59035 33.72514;-84.59048 33.72467;-84.59059 33.72397;-84.59065 33.72295;-84.59061 33.71481
-84.58284 33.72504;-84.58304 33.72511
-84.57571 33.72446;-84.57622 33.72444;-84.57997 33.72424;-84.58168 33.72433;-84.5826 33.72482;-84.58284 33.72504
-84.575257 33.724403;-84.575703 33.724465
-84.5728 33.72993;-84.57477 33.72905;-84.57494 33.72897;-84.57512 33.7289;-84.57541 33.72876;-84.58107 33.72623;-84.58195 33.72577;-84.58281 33.72507;-84.58284 33.72504
-84.57094 33.72475;-84.57176 33.72617;-84.57187 33.72655;-84.57195 33.72675;-84.57204 33.72758;-84.57222 33.72859;-84.57269 33.72978;-84.5728 33.72993
-84.57526 33.7244;-84.57393 33.72403;-84.57341 33.72395;-84.57318 33.72394;-84.5723 33.72376;-84.5713 33.7238;-84.57018 33.72366;-84.57019 33.72382
-84.57018 33.723822;-84.570933 33.724751
-84.56877 33.73218;-84.56981 33.73134;-84.57072 33.73083;-84.57104 33.7307;-84.5728 33.72993
-84.567717 33.733181;-84.568628 33.732275;-84.568769 33.732185
-84.56076 33.74458;-84.56165 33.74419;-84.56247 33.74358;-84.5627 33.74341;-84.56346 33.74257;-84.56371 33.74214;-84.56401 33.74162;-84.56491 33.73956;-84.5663 33.73634;-84.56721 33.73427;-84.5679 33.73328;-84.56885 33.73235;-84.56902 33.73221;-84.56993 33.73148;-84.57083 33.73099;-84.57114 33.73085;-84.57289 33.7301;-84.5746 33.72932;-84.57504 33.72913;-84.57523 33.72905;-84.57552 33.72893;-84.58119 33.72636;-84.58209 33.72591;-84.58298 33.72517;-84.58304 33.72511
-84.557816 33.745649;-84.559879 33.744903;-84.560759 33.744579
-84.55771 33.74548;-84.55978 33.74477;-84.56067 33.74443;-84.56152 33.74403;-84.56232 33.74344;-84.56253 33.74329;-84.56328 33.74248;-84.56352 33.74207;-84.56381 33.74156;-84.56468 33.73956;-84.56604 33.7365;-84.56613 33.7363;-84.56624 33.73601;-84.56702 33.73421;-84.56772 33.73318
-84.556697 33.746;-84.557707 33.74548
-84.55501 33.74722;-84.55573 33.74667;-84.5567 33.746
-84.553008 33.748701;-84.553822 33.748091;-84.555004 33.747221
-84.53191 33.76968;-84.53194 33.76952;-84.532 33.76939;-84.53215 33.76927;-84.53238 33.7693;-84.53253 33.76942;-84.53255 33.76952;-84.5325 33.76959;-84.53238 33.76968;-84.53191 33.76968
-84.59454 33.708;-84.59463 33.70803
-84.52618 33.76685;-84.52667 33.76663;-84.52696 33.76649;-84.52719 33.76639;-84.52763 33.76617;-84.52782 33.76608;-84.52853 33.76579;-84.52986 33.76524;-84.5316 33.76443;-84.53198 33.76425;-84.53311 33.76367;-84.5334 33.76355;-84.53575 33.76215;-84.5369 33.76146;-84.53949 33.75987;-84.54135 33.75876;-84.54236 33.75803;-84.54317 33.75729;-84.54561 33.75517;-84.5488 33.75249;-84.55141 33.75012;-84.55217 33.74937;-84.55301 33.7487
-84.525697 33.767067;-84.526175 33.766852
-84.52431 33.76791;-84.526078 33.767112;-84.526426 33.766941
-84.52431 33.76791;-84.52486 33.76846;-84.52562 33.76909;-84.52605 33.76929;-84.52701 33.76962;-84.52771 33.76979;-84.52826 33.76982;-84.53191 33.76968
-84.52431 33.76791;-84.52431 33.76791
-84.524308 33.767911;-84.52431 33.76791
-84.52414 33.76778;-84.5257 33.76707
-84.52414 33.76778;-84.52431 33.76791
-84.51958 33.76991;-84.52231 33.76862;-84.52414 33.76778
-84.51958 33.76991;-84.51984 33.77003;-84.52031 33.76981;-84.52243 33.76878;-84.52431 33.76791
-84.51619 33.76964;-84.51671 33.76971;-84.51884 33.76974;-84.51897 33.76978;-84.51924 33.76982;-84.51958 33.76991
-84.51619 33.76964;-84.51654 33.76843;-84.51675 33.76794;-84.51691 33.76772;-84.51718 33.76736;-84.51765 33.76695;-84.51797 33.76675;-84.5183 33.76663;-84.51886 33.76648;-84.51929 33.76642;-84.51973 33.76642;-84.52019 33.76649;-84.52109 33.76671;-84.52263 33.76715;-84.52318 33.76732;-84.52376 33.76746;-84.52402 33.76762;-84.52414 33.76778
-84.50879 33.76285;-84.50928 33.7635;-84.51073 33.76537;-84.51085 33.76555;-84.51115 33.76593;-84.51198 33.76707;-84.51227 33.76736;-84.51266 33.76773;-84.5139 33.76855;-84.5155 33.76941;-84.51561 33.76947;-84.51619 33.76964
-84.50356 33.758219;-84.504092 33.75852;-84.504488 33.758786;-84.504808 33.759047;-84.505451 33.759577;-84.507016 33.761;-84.507988 33.761884;-84.508789 33.76285
-84.49059 33.75146;-84.49077 33.75156;-84.49115 33.75177;-84.49156 33.75197;-84.49277 33.75247;-84.49344 33.75276;-84.49382 33.75291;-84.49405 33.75301;-84.49461 33.75325;-84.4953 33.75354;-84.49553 33.75363;-84.49593 33.7538;-84.49632 33.75398;-84.49646 33.75403;-84.49915 33.75514;-84.50014 33.75568;-84.50055 33.75597;-84.50081 33.7562;-84.50217 33.75751;-84.50223 33.75755;-84.50249 33.75771;-84.50356 33.75822
-84.489897 33.75111;-84.490583 33.751459
-84.46988 33.75293;-84.47011 33.75301;-84.4705 33.75314;-84.4715 33.75336;-84.47287 33.75366;-84.47601 33.75432;-84.47632 33.75433;-84.47887 33.75443;-84.48114 33.75446;-84.48163 33.75444;-84.48306 33.75438;-84.48376 33.75426;-84.48407 33.7542;-84.48441 33.75406;-84.48801 33.7515;-84.48862 33.75108;-84.48883 33.75102;-84.48923 33.75101;-84.48955 33.75104;-84.4899 33.75111
-84.469408 33.752752;-84.469876 33.752931
-84.468516 33.753883;-84.469084 33.754214;-84.469138 33.753766;-84.468516 33.753883
-84.468516 33.753883;-84.468712 33.752945;-84.468869 33.752473;-84.46941 33.75275
