-84.384319 33.68108;-84.3876 33.68108;-84.38879 33.68108;-84.39005 33.68108;-84.3907 33.68108;-84.39375 33.68108;-84.39633 33.68108;-84.39696 33.68109;-84.39787 33.68111;-84.39842 33.68111;-84.39868 33.68112;-84.39891 33.68112;-84.39987 33.68114;-84.40034 33.68114;-84.40077 33.68115;-84.4012 33.68115
-84.44025 33.67537;-84.44093 33.67531
-84.440009 33.676852;-84.44025 33.67537
-84.439998 33.676879;-84.44025 33.67537
-84.44093 33.67531;-84.44157 33.67537;-84.44106 33.67673;-84.44066 33.67773;-84.44044 33.67844;-84.44019 33.67931;-84.439611 33.679206;-84.44025 33.67537
-84.4369 33.67815;-84.43697 33.67766;-84.437 33.67741;-84.4371 33.67717;-84.43721 33.677;-84.43747 33.67676;-84.43796 33.67645;-84.43858 33.67615;-84.4388 33.67604;-84.43929 33.6758;-84.43999 33.67546;-84.44025 33.67537
-84.436837 33.678438;-84.436902 33.678151
-84.424799 33.68146;-84.42551 33.68146;-84.42612 33.68146;-84.42642 33.68146;-84.42677 33.68143;-84.42686 33.6814;-84.42726 33.68129;-84.42749 33.68123;-84.4297 33.68022;-84.43031 33.67996;-84.43106 33.67969;-84.43141 33.67952;-84.43211 33.67949;-84.43352 33.67947;-84.43552 33.67944;-84.43605 33.67924;-84.43625 33.67914;-84.43648 33.67896;-84.43663 33.67879;-84.43678 33.678529;-84.436839 33.67844
-84.424578 33.681463;-84.424795 33.681463
-84.41101 33.68129;-84.41151 33.68129;-84.41176 33.68129;-84.41209 33.6813;-84.41353 33.68132;-84.41512 33.68134;-84.41663 33.68137;-84.41858 33.68138;-84.42003 33.6814;-84.42078 33.6814;-84.42154 33.68143;-84.42348 33.68144;-84.42458 33.68146
-84.406399 33.68123;-84.40773 33.681239;-84.411009 33.68129
-84.4012 33.681149;-84.402859 33.68118;-84.40489 33.6812;-84.4064 33.68123
-84.44093 33.67531;-84.44127 33.67534
-84.384319 33.68108;-84.384369 33.681399
-84.383499 33.68094;-84.383939 33.681029;-84.384319 33.68108
-84.37819 33.68724;-84.37833 33.687;-84.37875 33.68623;-84.37917 33.68549;-84.37988 33.68433;-84.3804 33.68414;-84.38226 33.68349;-84.38394 33.68222;-84.38425 33.68195;-84.38437 33.6814
-84.376509 33.68858;-84.37769 33.687649;-84.378189 33.68724
-84.37492 33.68047;-84.37585 33.68056;-84.37646 33.68057;-84.38046 33.68065;-84.38176 33.68068;-84.38237 33.68069;-84.38289 33.68076;-84.3835 33.68094
-84.37289 33.68088;-84.37347 33.68065;-84.37405 33.68047;-84.37437 33.6804;-84.37462 33.680399;-84.374919 33.68047
-84.371868 33.681375;-84.372889 33.680882
-84.370729 33.68156;-84.37117 33.681519;-84.37187 33.681369
-84.370729 33.68156;-84.37073 33.68156
-84.370729 33.68156;-84.370729 33.68156
-84.37003 33.68867;-84.37126 33.68869;-84.3737 33.68871;-84.37416 33.68871;-84.37492 33.68871;-84.37614 33.68877;-84.37651 33.68858
-84.36946 33.68143;-84.36993 33.6815;-84.370729 33.68156
-84.368839 33.681169;-84.369457 33.681429
-84.368839 33.681169;-84.36884 33.68117
-84.368838 33.681169;-84.368839 33.681169
-84.3674 33.68018;-84.36824 33.68083;-84.368839 33.681169
-84.36403 33.688659;-84.36404 33.6882;-84.36421 33.687389;-84.364386 33.686716;-84.365519 33.682399;-84.36569 33.68207;-84.36595 33.68172;-84.3674 33.680179
-84.364027 33.688662;-84.370023 33.688671
