-84.26362 33.796649;-84.263669 33.79674;-84.26377 33.79687;-84.26382 33.79694;-84.26387 33.79701;-84.26434 33.79743;-84.2646 33.7976;-84.26488 33.79775;-84.26502 33.79784;-84.2651 33.79788;-84.26547 33.79827;-84.2655 33.79836;-84.26553 33.79843;-84.26585 33.79941;-84.2661 33.80016;-84.2662 33.80047;-84.26629 33.80076;-84.2668 33.80236;-84.26742 33.80436;-84.26761 33.80494;-84.26772 33.80529;-84.26786 33.80577;-84.26792 33.80604;-84.26803 33.80646;-84.26813 33.80685;-84.26823 33.8072;-84.26826 33.80731;-84.26833 33.80752;-84.26838 33.80766;-84.26849 33.80788;-84.2686 33.80806;-84.26868 33.80818;-84.26878 33.8083;-84.26888 33.80843;-84.26896 33.80853;-84.26904 33.80861;-84.26911 33.80867;-84.26952 33.80902;-84.2697 33.80913;-84.26989 33.80923;-84.27009 33.80933;-84.27037 33.80944;-84.271 33.80963
-84.34023 33.85722;-84.3404 33.85765;-84.34041 33.85768;-84.34048 33.85789;-84.34051 33.858;-84.34053 33.85815;-84.34056 33.8583;-84.34057 33.85848
-84.33952 33.84387;-84.33959 33.84379;-84.33967 33.84372;-84.33975 33.84366;-84.33996 33.84353;-84.34069 33.8432;-84.34077 33.84316;-84.34085 33.84312;-84.34092 33.84307;-84.341 33.84302;-84.34107 33.84296;-84.34126 33.84279;-84.34154 33.8425;-84.34179 33.84221;-84.34198 33.84197;-84.3421 33.84177;-84.34213 33.8417;-84.34215 33.84165;-84.34218 33.84156;-84.34243 33.84088;-84.34258 33.84044;-84.34267 33.84023;-84.34274 33.84007;-84.34288 33.83976;-84.34294 33.83963;-84.34319 33.83907;-84.34331 33.83878;-84.34337 33.8386;-84.34343 33.83842;-84.34347 33.83817;-84.34321 33.8375;-84.34315 33.83735;-84.34309 33.83719;-84.343 33.83696;-84.34288 33.83668;-84.34279 33.83647;-84.34273 33.83635;-84.34269 33.83627;-84.34265 33.8362;-84.3426 33.83612;-84.34254 33.83603
-84.339389 33.844029;-84.339449 33.84394;-84.33952 33.843869
-84.33922 33.83334;-84.33932 33.83337;-84.33942 33.8334;-84.33952 33.83342;-84.33983 33.83351;-84.33998 33.83356;-84.34017 33.83364;-84.34026 33.83369;-84.34035 33.83373;-84.34044 33.83378;-84.34053 33.83383;-84.34062 33.83388;-84.3407 33.83394;-84.34079 33.83399;-84.34087 33.83405;-84.34095 33.83412;-84.34103 33.83418;-84.34111 33.83425;-84.34118 33.83432;-84.34126 33.83439;-84.34133 33.83446;-84.3414 33.83454;-84.34146 33.83461;-84.3416 33.83478;-84.34175 33.83498
-84.33919 33.85337;-84.33922 33.85357;-84.33934 33.85469;-84.33936 33.85492;-84.33945 33.85549;-84.33947 33.85559;-84.3395 33.85572;-84.33962 33.85601;-84.34002 33.85679;-84.34023 33.85722
-84.339009 33.833289;-84.339109 33.83332;-84.339219 33.833339
-84.339009 33.85188;-84.339069 33.85245;-84.33919 33.853369
-84.33891 33.83326;-84.33901 33.83329
-84.33939 33.84403;-84.33933 33.84411;-84.33928 33.8442;-84.33924 33.8443;-84.33921 33.84439;-84.33919 33.8445;-84.33918 33.84463;-84.33918 33.84475;-84.33919 33.84489;-84.33917 33.8469;-84.33916 33.84793;-84.33916 33.84803;-84.33914 33.84812;-84.33912 33.84822;-84.33909 33.84831;-84.33906 33.8484;-84.33891 33.84874;-84.33888 33.84883;-84.33884 33.84892;-84.33882 33.84901;-84.33879 33.84911;-84.33877 33.8492;-84.33876 33.8493;-84.33875 33.84939;-84.33874 33.84949;-84.33874 33.84958;-84.3388 33.85013;-84.33888 33.85078;-84.33901 33.85188
-84.33857 33.86068;-84.3388 33.8607;-84.33913 33.8607;-84.3392 33.8607;-84.33943 33.86067;-84.33981 33.86061;-84.33989 33.86045;-84.33995 33.86034;-84.34004 33.86011;-84.34012 33.85989;-84.34022 33.85965;-84.3403 33.85947;-84.34039 33.85927;-84.3405 33.8591;-84.34049 33.85907;-84.34049 33.85903;-84.34049 33.85897;-84.34054 33.85875;-84.34056 33.85859;-84.34057 33.85848
-84.33857 33.86068;-84.33866 33.86048;-84.33877 33.86021;-84.33889 33.85994;-84.33901 33.85967;-84.33914 33.8594;-84.33927 33.85914;-84.33942 33.85887;-84.33959 33.85861;-84.33976 33.85837;-84.340094 33.85827;-84.340399 33.85836;-84.34057 33.85848
-84.33857 33.86068;-84.33833 33.86065;-84.33735 33.86056;-84.33751 33.85947;-84.33756 33.85907;-84.33759 33.8589;-84.33763 33.85875;-84.33771 33.85853;-84.33782 33.85834;-84.33788 33.85826;-84.33795 33.85819;-84.33802 33.85811;-84.33809 33.85805;-84.33817 33.85798;-84.33825 33.85792;-84.33834 33.85786;-84.33842 33.85781;-84.33851 33.85777;-84.3386 33.85772;-84.3387 33.85769;-84.34023 33.85722
-84.33391 33.83097;-84.33421 33.83126;-84.33429 33.83133;-84.33437 33.8314;-84.33445 33.83147;-84.33453 33.83154;-84.33462 33.8316;-84.33475 33.8317;-84.33494 33.83183;-84.33512 33.83194;-84.33539 33.83209;-84.33564 33.83222;-84.33622 33.83248;-84.3363 33.83251;-84.33639 33.83254;-84.33648 33.83257;-84.33656 33.8326;-84.33665 33.83263;-84.33674 33.83265;-84.33695 33.83269;-84.33822 33.83305;-84.33831 33.83308;-84.33841 33.83311;-84.33851 33.83314;-84.338609 33.83317;-84.33871 33.833199;-84.33881 33.833229;-84.33891 33.833259
-84.33301 33.830099;-84.33321 33.830249;-84.33338 33.83042;-84.333559 33.83061;-84.333909 33.83097
-84.33249 33.82958;-84.33301 33.8301
-84.33222 33.8293;-84.332409 33.829489;-84.332489 33.829579
-84.33222 33.8293;-84.33222 33.8293
-84.332219 33.829299;-84.33222 33.8293
-84.32556 33.826749;-84.325659 33.82678;-84.32576 33.82679;-84.32587 33.82681;-84.32612 33.826849;-84.32705 33.82696;-84.32754 33.82702;-84.32795 33.82707;-84.32829 33.82712;-84.32839 33.82714;-84.32849 33.82716;-84.32859 33.82718;-84.32869 33.8272;-84.32878 33.82722;-84.32888 33.82725;-84.328979 33.827269;-84.32908 33.8273;-84.32917 33.82733;-84.32926 33.82736;-84.32935 33.82739;-84.32944 33.82742;-84.32952 33.82746;-84.3296 33.8275;-84.32972 33.82757;-84.33043 33.82798;-84.33091 33.82825;-84.33112 33.82839;-84.33149 33.82866;-84.33177 33.82889;-84.33204 33.82914;-84.33222 33.8293
-84.32479 33.8265;-84.32488 33.82654;-84.32497 33.82658;-84.32506 33.82661;-84.32516 33.82664;-84.32525 33.82667;-84.32535 33.8267;-84.32545 33.82673;-84.32556 33.82675
-84.32378 33.826019;-84.32442 33.826329;-84.324789 33.8265
-84.31937 33.82359;-84.31986 33.82395;-84.31991 33.82399;-84.32045 33.82437;-84.32053 33.82442;-84.32061 33.82447;-84.3207 33.82451;-84.32078 33.82455;-84.32092 33.82463;-84.32134 33.82484;-84.322 33.82517;-84.3225 33.82541;-84.32289 33.82559;-84.32343 33.82585;-84.32378 33.82602
-84.318329 33.82286;-84.31879 33.823179;-84.31937 33.823589
-84.31638 33.82223;-84.31675 33.82233;-84.31704 33.82239;-84.31714 33.82242;-84.31724 33.82244;-84.31734 33.82247;-84.31744 33.8225;-84.31754 33.82253;-84.31765 33.82256;-84.31774 33.82259;-84.31784 33.82263;-84.31798 33.82269;-84.31816 33.82278;-84.31833 33.82286
-84.315849 33.822039;-84.315929 33.822069;-84.31602 33.822109;-84.316269 33.8222;-84.316379 33.822229
-84.3155 33.82186;-84.31559 33.82191;-84.31567 33.82195;-84.31576 33.822;-84.31585 33.82204
-84.31534 33.821759;-84.31542 33.821809;-84.315499 33.821859
-84.31474 33.82132;-84.31481 33.82138;-84.31488 33.82144;-84.31495 33.82149;-84.31502 33.82155;-84.3151 33.8216;-84.31517 33.82166;-84.31526 33.82171;-84.31534 33.82176
-84.314529 33.82112;-84.314669 33.821259;-84.31474 33.821319
-84.31448 33.82106;-84.31453 33.82112
-84.314129 33.820629;-84.31418 33.820699;-84.314239 33.820779;-84.314299 33.82085;-84.314419 33.820999;-84.314479 33.821059
-84.31372 33.8198;-84.31376 33.81989;-84.3138 33.81999;-84.31384 33.82008;-84.31388 33.82018;-84.31394 33.8203;-84.31399 33.8204;-84.31403 33.82047;-84.31408 33.82055;-84.31413 33.82063
-84.313449 33.81912;-84.31361 33.819509;-84.31365 33.819609;-84.313679 33.819699;-84.31372 33.819799
-84.31271 33.81826;-84.31287 33.81839;-84.31295 33.81845;-84.31302 33.81852;-84.31309 33.81859;-84.31316 33.81866;-84.31322 33.81874;-84.31328 33.81882;-84.31334 33.81891;-84.31345 33.81912
-84.31194 33.8175;-84.31207 33.81763;-84.312189 33.81777;-84.312709 33.818259
-84.30546 33.8127;-84.3065 33.81271;-84.3078 33.81278;-84.3079 33.81278;-84.308 33.8128;-84.3081 33.81283;-84.3082 33.81288;-84.30828 33.81293;-84.30838 33.813;-84.30842 33.81303;-84.30846 33.81307;-84.30852 33.81316;-84.30858 33.81326;-84.30863 33.81335;-84.30894 33.81386;-84.30912 33.81412;-84.30935 33.81442;-84.30994 33.81512;-84.3101 33.81532;-84.31028 33.81553;-84.31041 33.81569;-84.310819 33.81621;-84.31105 33.816519;-84.311349 33.816879;-84.31162 33.817199;-84.31194 33.817499
-84.30408 33.812689;-84.3047 33.812679;-84.305459 33.8127
-84.3028 33.81268;-84.30337 33.81268;-84.30408 33.81269
-84.299449 33.81265;-84.3006 33.812669;-84.302109 33.812669;-84.302799 33.812679
-84.290849 33.81031;-84.290882 33.81032;-84.29104 33.81037;-84.29123 33.81042;-84.29139 33.81047;-84.29165 33.81057;-84.29172 33.8106;-84.29186 33.81067;-84.29276 33.81121;-84.29318 33.81148;-84.29393 33.81192;-84.29408 33.812;-84.29417 33.81205;-84.29427 33.8121;-84.29437 33.81215;-84.29447 33.81219;-84.29457 33.81223;-84.29467 33.81227;-84.29477 33.8123;-84.29496 33.81237;-84.29526 33.81245;-84.29555 33.81251;-84.29577 33.81255;-84.29587 33.81257;-84.29598 33.81258;-84.29608 33.81259;-84.29619 33.8126;-84.29642 33.81261;-84.29653 33.81261;-84.29723 33.81262;-84.29836 33.81263;-84.29945 33.81265
-84.2886 33.81039;-84.2887 33.81036;-84.28881 33.81033;-84.28891 33.81031;-84.28901 33.81029;-84.28911 33.81027;-84.28922 33.81026;-84.28943 33.81023;-84.28953 33.81022;-84.28963 33.81021;-84.28973 33.81021;-84.28983 33.81021;-84.28993 33.81021;-84.29003 33.81021;-84.29014 33.81021;-84.29024 33.81022;-84.29034 33.81023;-84.29044 33.81024;-84.29054 33.81025;-84.29064 33.81027;-84.29085 33.81031
-84.288399 33.81046;-84.2885 33.810419;-84.2886 33.810389
-84.28781 33.81072;-84.28821 33.81054;-84.28831 33.8105;-84.2884 33.81046
-84.287079 33.811079;-84.28756 33.810839;-84.287809 33.810719
-84.282229 33.77463;-84.282409 33.774579;-84.282519 33.77454
-84.281912 33.774238;-84.282814 33.774149;-84.28285 33.77446;-84.28252 33.77454
-84.2816 33.81264;-84.28183 33.81267;-84.28242 33.81269;-84.28252 33.81268;-84.28262 33.81268;-84.28272 33.81268;-84.28282 33.81267;-84.28292 33.81266;-84.28302 33.81265;-84.28312 33.81264;-84.28322 33.81263;-84.28332 33.81261;-84.28342 33.81259;-84.28352 33.81258;-84.28361 33.81256;-84.28404 33.81244;-84.28445 33.81228;-84.28539 33.81186;-84.28708 33.81108
-84.28126 33.812579;-84.28144 33.812609;-84.2816 33.812639
-84.27262 33.81013;-84.27302 33.81024;-84.2755 33.81092;-84.27674 33.81127;-84.27841 33.81176;-84.27909 33.81195;-84.28065 33.81242;-84.28126 33.81258
-84.270999 33.809629;-84.27147 33.809759;-84.272619 33.810129
-84.26929 33.77592;-84.27064 33.77564;-84.27148 33.77548;-84.27173 33.77542;-84.27203 33.77537;-84.27214 33.77535;-84.27224 33.77533;-84.27235 33.77532;-84.27245 33.7753;-84.27256 33.77529;-84.27289 33.77528;-84.27311 33.77526;-84.27417 33.77517;-84.2752 33.7751;-84.27607 33.77505;-84.27635 33.77502;-84.27671 33.77499;-84.27691 33.77497;-84.2771 33.77495;-84.2773 33.77493;-84.2774 33.77492;-84.27791 33.77488;-84.27814 33.77486;-84.27844 33.77484;-84.278639 33.774819;-84.27874 33.77482;-84.2789 33.77481;-84.27924 33.77479;-84.27942 33.77479;-84.2795 33.77479;-84.28067 33.77477;-84.28084 33.77476;-84.28116 33.77476;-84.28142 33.77474;-84.28159 33.77473;-84.28177 33.77471;-84.28204 33.77467;-84.28223 33.77463
-84.341749 33.83498;-84.341939 33.83522;-84.342309 33.8357;-84.34237 33.835779;-84.342429 33.83586;-84.342489 33.835949;-84.342539 33.836029
-84.263279 33.78536;-84.26328 33.78536
-84.263279 33.78536;-84.263279 33.78536
-84.26325 33.783249;-84.26327 33.784479;-84.263279 33.78536
-84.26325 33.783249;-84.26325 33.78308;-84.26325 33.7829;-84.26326 33.78229;-84.26326 33.78219;-84.26326 33.78199;-84.26328 33.7818;-84.26332 33.78164;-84.26334 33.78156;-84.26339 33.78146;-84.26348 33.78128;-84.26357 33.7811;-84.26362 33.78101;-84.26366 33.78092;-84.26374 33.78076;-84.26383 33.7806;-84.26392 33.78044;-84.26403 33.78028;-84.26415 33.78014;-84.26428 33.78001;-84.26444 33.77989;-84.26471 33.77974;-84.2651 33.77951;-84.26526 33.77942;-84.26542 33.77933;-84.26551 33.77927;-84.2656 33.77922;-84.26568 33.77916;-84.26577 33.77911;-84.26586 33.77905;-84.26594 33.77898;-84.26602 33.77892;-84.2661 33.77885;-84.26616 33.77879;-84.26622 33.77872;-84.26628 33.77865;-84.26634 33.77859;-84.26641 33.77852;-84.26647 33.77845;-84.26652 33.77837;-84.26657 33.77829;-84.26663 33.7782;-84.26668 33.77812;-84.26674 33.77804;-84.26689 33.77773;-84.26696 33.77758;-84.26699 33.77749;-84.26703 33.77739;-84.26707 33.7773;-84.2671 33.77721;-84.26714 33.77712;-84.26718 33.77703;-84.26721 33.77693;-84.26725 33.77684;-84.2673 33.77672;-84.26733 33.77663;-84.26737 33.77655;-84.2674 33.77646;-84.26743 33.77637;-84.267459 33.776289;-84.268199 33.776139;-84.269289 33.77592
-84.26325 33.78325;-84.26325 33.783249
-84.2635 33.79426;-84.26293 33.79506;-84.26312 33.79549;-84.26316 33.79558;-84.2632 33.79568;-84.26328 33.79588;-84.2634 33.79617;-84.26348 33.79637;-84.26362 33.79665
-84.26207 33.79353;-84.26222 33.79355;-84.26232 33.79356;-84.26272 33.79358;-84.26311 33.79359;-84.26365 33.79359;-84.26391 33.793609;-84.2635 33.794259
-84.26 33.79291;-84.26009 33.79295;-84.26045 33.79311;-84.26094 33.79328;-84.261649 33.793459;-84.262069 33.793529
-84.2591 33.792449;-84.259819 33.792819;-84.259909 33.79286;-84.259999 33.79291
-84.25831 33.79207;-84.2584 33.79211;-84.25851 33.79217;-84.2591 33.79245
-84.255759 33.79103;-84.256299 33.791249;-84.256529 33.79133;-84.257919 33.791899;-84.258309 33.79207
-84.25521 33.786579;-84.255309 33.786569;-84.256329 33.786569;-84.25632 33.7864;-84.2563 33.78566;-84.25629 33.78557;-84.25629 33.78548;-84.25629 33.78539;-84.2563 33.7853;-84.25738 33.78532;-84.25843 33.78533;-84.25952 33.78533;-84.26052 33.78533;-84.2616 33.78534;-84.26257 33.78535;-84.263279 33.78536
-84.2546 33.78684;-84.25468 33.78679;-84.25476 33.78674;-84.25484 33.7867;-84.25492 33.78666;-84.255 33.78663;-84.2551 33.7866;-84.25521 33.78658
-84.25443 33.786969;-84.254509 33.786899;-84.254599 33.78684
-84.25325 33.78809;-84.2533 33.78802;-84.25335 33.78795;-84.25342 33.78789;-84.25348 33.78782;-84.25357 33.78774;-84.25404 33.78732;-84.2541 33.78726;-84.25416 33.7872;-84.25423 33.78715;-84.25429 33.78709;-84.25436 33.78704;-84.25443 33.78697
-84.25316 33.788239;-84.2532 33.788169;-84.253249 33.78809
-84.25291 33.78893;-84.25294 33.78882;-84.25297 33.78872;-84.253 33.78862;-84.25303 33.78851;-84.25306 33.78843;-84.25311 33.78832;-84.25316 33.78824
-84.252859 33.789129;-84.252889 33.789029;-84.25291 33.788929
-84.25576 33.79103;-84.25467 33.79059;-84.25413 33.79037;-84.25404 33.79033;-84.25387 33.79026;-84.2537 33.79018;-84.25344 33.79006;-84.25325 33.78999;-84.25307 33.78991;-84.25288 33.78985;-84.25279 33.78982;-84.2527 33.78978;-84.25274 33.78955;-84.25286 33.78913
