-84.4883 33.65253;-84.48926 33.65111;-84.48961 33.65025;-84.48999 33.65033;-84.49026 33.65041;-84.49048 33.6506;-84.49062 33.65083;-84.49069 33.65106;-84.49084 33.65118;-84.49142 33.65143;-84.4924 33.65172;-84.49275 33.65179;-84.49294 33.65189;-84.49356 33.6525;-84.49377 33.65279;-84.49387 33.65297;-84.49384 33.65323;-84.49367 33.65346;-84.49301 33.65416;-84.49283 33.65437;-84.49271 33.65451;-84.49265 33.65463;-84.49265 33.65472;-84.4928 33.65488;-84.4942 33.65581;-84.49434 33.65598;-84.49442 33.65619;-84.49485 33.65738;-84.49499 33.65795;-84.49548 33.65963;-84.4955 33.66002;-84.49541 33.66069;-84.4973 33.66074;-84.49759 33.66075;-84.49957 33.66081;-84.49988 33.66086;-84.50031 33.66104;-84.50055 33.6611;-84.50072 33.66112;-84.50092 33.6611;-84.5013 33.661;-84.50157 33.66095;-84.50226 33.66074;-84.5038 33.66006;-84.50405 33.66002
-84.54654 33.60013;-84.54686 33.60019
-84.54613 33.59966;-84.54665 33.5992;-84.54735 33.59853;-84.54825 33.59761;-84.54882 33.59855
-84.545929 33.599779;-84.546539 33.60013
-84.545929 33.599779;-84.546129 33.599659
-84.545639 33.599989;-84.545929 33.599779
-84.53316 33.60622;-84.53467 33.60544;-84.53795 33.60382;-84.53931 33.60315;-84.5433 33.60115;-84.54431 33.60068;-84.54482 33.60042;-84.54564 33.59999
-84.52907 33.608199;-84.530199 33.607649;-84.53316 33.606219
-84.528269 33.629419;-84.52874 33.63012;-84.52893 33.630379;-84.52945 33.631;-84.5298 33.63129
-84.52747 33.636349;-84.531405 33.634452;-84.531953 33.633905;-84.532139 33.63368;-84.532476 33.633157;-84.531735 33.63275;-84.531405 33.632517;-84.529799 33.63129
-84.527369 33.627979;-84.527453 33.628112;-84.52827 33.62942
-84.52646 33.63708;-84.52672 33.6368;-84.52747 33.63635
-84.52633 33.62499;-84.526429 33.62535;-84.526501 33.625709;-84.52666 33.626509;-84.526789 33.62692;-84.527369 33.62798
-84.52589 33.622299;-84.52602 33.623289;-84.526329 33.624989
-84.525619 33.658749;-84.52617 33.658919
-84.525889 33.622299;-84.525669 33.62093;-84.52519 33.61864;-84.52515 33.61839;-84.52498 33.61728;-84.52501 33.61655;-84.52538 33.61461;-84.52538 33.6144;-84.52534 33.61403;-84.525299 33.61377;-84.52521 33.613539
-84.52365 33.61082;-84.52499 33.61017;-84.52586 33.60974;-84.52655 33.60941;-84.52907 33.6082
-84.523649 33.61082;-84.52521 33.61354
-84.52124 33.65613;-84.52161 33.6561;-84.52141 33.65462
-84.520859 33.64835;-84.520889 33.648419;-84.52092 33.648569
-84.5208 33.64821;-84.52086 33.64835
-84.52071 33.65636;-84.52083 33.65628;-84.52107 33.656189;-84.521239 33.65613
-84.52054 33.64713;-84.5208 33.646409;-84.520919 33.64604;-84.5226 33.64236;-84.525709 33.63808;-84.526459 33.637079
-84.520539 33.647129;-84.520539 33.647479;-84.520799 33.648209
-84.52141 33.65462;-84.521 33.65164;-84.52065 33.65001;-84.52039 33.64893;-84.5206 33.64886;-84.52081 33.64874;-84.52092 33.64857
-84.52039 33.648929;-84.520309 33.6492;-84.52031 33.64944;-84.52089 33.65222;-84.52113 33.65393;-84.52121 33.65424;-84.52141 33.65462
-84.51915 33.656459;-84.52 33.656459;-84.52055 33.65651;-84.52071 33.65636
-84.512833 33.655446;-84.512954 33.655263;-84.51633 33.65607;-84.51703 33.65622;-84.51759 33.65628;-84.51816 33.65631;-84.51999 33.6563;-84.52054 33.65633;-84.52071 33.65636
-84.512833 33.655446;-84.51677 33.65636;-84.51735 33.65643;-84.51784 33.65648;-84.51845 33.65648;-84.51915 33.65646
-84.508834 33.658144;-84.508834 33.658128;-84.508838 33.658066;-84.508851 33.658006;-84.508873 33.657948;-84.508902 33.657892;-84.50894 33.657838;-84.508946 33.657833;-84.50895 33.657827;-84.509002 33.657765;-84.509062 33.65771;-84.509126 33.657658;-84.509198 33.657613;-84.509273 33.657573;-84.509282 33.65757;-84.509453 33.657509;-84.509644 33.65745;-84.509789 33.65741;-84.511597 33.656876;-84.511693 33.656849;-84.5118 33.656811;-84.511906 33.656768;-84.512007 33.656717;-84.512103 33.656661;-84.512193 33.656599;-84.512278 33.656531;-84.512357 33.656458;-84.512429 33.65638;-84.512493 33.656299;-84.512552 33.656214;-84.512593 33.656141;-84.512833 33.655446
-84.508834 33.658145;-84.508834 33.658144
-84.504061 33.65884;-84.504049 33.660019;-84.50482 33.6599;-84.50672 33.659938;-84.508839 33.659981;-84.508836 33.658909;-84.508834 33.658144
-84.504061 33.65884;-84.504084 33.656178;-84.503689 33.656183;-84.503245 33.656251;-84.501475 33.656981;-84.502327 33.658477;-84.50267 33.658798;-84.503014 33.658881;-84.503377 33.658863;-84.504061 33.65884
-84.546859 33.60019;-84.54979 33.600219;-84.548819 33.59855
-84.47505 33.65146;-84.47548 33.65155;-84.47623 33.65166;-84.47684 33.65169;-84.48016 33.65167;-84.48186 33.65167;-84.48221 33.65168;-84.48312 33.65173;-84.48387 33.65179;-84.48639 33.65221;-84.4883 33.65253
-84.474776 33.651378;-84.475048 33.651459
-84.473329 33.65088;-84.47478 33.651379
-84.46954 33.64977;-84.47108 33.6503;-84.47327 33.65102;-84.47499 33.6516;-84.47545 33.65169;-84.47623 33.65179;-84.47739 33.65181;-84.48016 33.65182;-84.48186 33.65179;-84.48311 33.65186;-84.48384 33.65192;-84.48639 33.65233;-84.48822 33.65265;-84.4883 33.65253
-84.468737 33.64954;-84.469541 33.649772
-84.45428 33.64676;-84.45758 33.64838;-84.4584 33.64877;-84.45905 33.64899;-84.45958 33.64911;-84.46016 33.64915;-84.46226 33.6492;-84.46346 33.64922;-84.46647 33.64926;-84.46744 33.64928;-84.46812 33.64931;-84.46872 33.6494;-84.46954 33.64963;-84.47116 33.65019;-84.47333 33.65088
-84.46873 33.64954;-84.46819 33.64944;-84.4675 33.64941;-84.46647 33.6494;-84.46353 33.64937;-84.46226 33.64934;-84.46024 33.64931;-84.45961 33.64925;-84.45905 33.64912;-84.45839 33.6489;-84.4576 33.6485;-84.45656 33.64799;-84.45427 33.64694;-84.45428 33.64676
-84.454231 33.643081;-84.454488 33.642861;-84.45456 33.64307;-84.45473 33.6433;-84.45492 33.64356;-84.45505 33.64374;-84.45491 33.64381;-84.45479 33.643899;-84.45469 33.64402;-84.45452 33.64422;-84.45445 33.64442;-84.45442 33.64467;-84.45445 33.64485;-84.45455 33.64516;-84.45469 33.64562;-84.45472 33.64583;-84.45473 33.64598;-84.454709 33.64608;-84.45467 33.64627;-84.45459 33.64644;-84.454479 33.646609;-84.45428 33.64676
-84.454231 33.643081;-84.45438 33.643179
-84.454229 33.64308;-84.454231 33.643081
-84.454224 33.643087;-84.454231 33.643081
-84.45428 33.64676;-84.45436 33.64658;-84.45443 33.64644;-84.45446 33.646229;-84.45445 33.64599;-84.45442 33.64578;-84.45437 33.64553;-84.45429 33.64525;-84.454219 33.64497;-84.45416 33.64468;-84.45418 33.64445;-84.45427 33.64418;-84.454389 33.64394;-84.45455 33.64381;-84.45477 33.64365;-84.45438 33.64318;-84.454224 33.643087
-84.449249 33.65108;-84.449339 33.6501;-84.449419 33.64966
-84.44942 33.64966;-84.44939 33.64946;-84.44922 33.64864;-84.44919 33.64838;-84.44919 33.6476;-84.44974 33.64749;-84.45003 33.64723;-84.4502 33.64697;-84.45027 33.64676;-84.45036 33.6465;-84.45047 33.64629;-84.45102 33.6456;-84.45113 33.64549;-84.45122 33.6454;-84.45134 33.64526;-84.45193 33.64478;-84.45227 33.64452;-84.45258 33.64429;-84.45282 33.6441;-84.453 33.64395;-84.454213 33.643087;-84.454224 33.643087
-84.44855 33.652198;-84.448563 33.65337;-84.4491 33.65337;-84.44913 33.65295;-84.44925 33.65108
-84.44855 33.652198;-84.448344 33.652073;-84.448289 33.652028;-84.448289 33.651929;-84.448343 33.65184;-84.448441 33.651813;-84.448517 33.651831;-84.44855 33.652198
