-84.47063 33.66594;-84.4726 33.66594;-84.47472 33.66592;-84.47751 33.66592;-84.47754 33.66391;-84.4776 33.66104;-84.477629 33.65959;-84.47948 33.65906;-84.479999 33.65887;-84.48019 33.65874;-84.48048 33.65842;-84.48183 33.65689;-84.48201 33.65656;-84.482329 33.65598;-84.48267 33.655519;-84.482909 33.655319;-84.48328 33.655139;-84.48384 33.65495;-84.48619 33.65443;-84.48671 33.65424;-84.487259 33.65385;-84.487879 33.65314;-84.48822 33.65265;-84.4883 33.65253;-84.48926 33.651109;-84.48961 33.65025;-84.48999 33.65033;-84.49026 33.65041;-84.49048 33.6506;-84.49062 33.65083;-84.49069 33.65106;-84.49084 33.65118;-84.49142 33.65143;-84.4924 33.65172;-84.49275 33.65179;-84.49294 33.65189;-84.49356 33.6525;-84.49377 33.65279;-84.49387 33.65297;-84.49384 33.65323;-84.49367 33.65346;-84.49301 33.65416;-84.49283 33.65437;-84.49271 33.65451;-84.49265 33.65463;-84.49265 33.65472;-84.4928 33.65488;-84.4942 33.65581;-84.49434 33.65598;-84.49442 33.65619;-84.49485 33.65738;-84.49499 33.65795;-84.49548 33.65963;-84.4955 33.66002;-84.49541 33.66069;-84.4973 33.66074;-84.49759 33.66075;-84.49957 33.66081;-84.49988 33.66086;-84.50031 33.66104;-84.50055 33.6611;-84.50072 33.66112;-84.50092 33.6611;-84.5013 33.661;-84.50157 33.66095;-84.50226 33.66074;-84.5038 33.66006;-84.50405 33.66002
-84.52922 33.66112;-84.52933 33.66025;-84.52936 33.66006;-84.52959 33.65938;-84.52956 33.65926
-84.528987 33.661972;-84.529213 33.661121
-84.5266 33.65898;-84.52744 33.65904;-84.52937 33.65912
-84.525619 33.658749;-84.52617 33.658919;-84.526599 33.658979
-84.52263 33.66408;-84.5228 33.66405;-84.5239 33.66396;-84.52443 33.66399;-84.52524 33.66413;-84.52568 33.664139;-84.52629 33.66399;-84.52692 33.66376;-84.52721 33.6636;-84.52762 33.66338;-84.5284 33.66281;-84.52899 33.66197
-84.52173 33.65692;-84.521989 33.659229;-84.522629 33.66408
-84.52173 33.65692;-84.52196 33.65704;-84.52538 33.65868;-84.52562 33.65875
-84.52124 33.65613;-84.52161 33.6561;-84.52167 33.65645;-84.5217 33.65674;-84.52173 33.65692
-84.51915 33.656459;-84.52 33.656459;-84.52055 33.65651;-84.52077 33.65652;-84.52122 33.65671;-84.52173 33.65692
-84.51915 33.65646;-84.51845 33.65648;-84.51784 33.65648;-84.51735 33.65643;-84.51677 33.65636;-84.512833 33.655446;-84.512954 33.655263;-84.51633 33.65607;-84.51703 33.65622;-84.51759 33.65628;-84.51816 33.65631;-84.51999 33.6563;-84.52054 33.65633;-84.52071 33.65636;-84.52083 33.65628;-84.52107 33.656189;-84.521239 33.65613
-84.511597 33.656876;-84.511693 33.656849;-84.5118 33.656811;-84.511906 33.656768;-84.512007 33.656717;-84.512103 33.65666;-84.512193 33.656599;-84.512278 33.656531
-84.510253 33.654848;-84.512832 33.655447;-84.512593 33.65614;-84.512552 33.656214;-84.512493 33.656299;-84.512429 33.65638;-84.512357 33.656458;-84.512312 33.656499;-84.512277 33.65653
-84.509789 33.657409;-84.510259 33.65727;-84.51152 33.656898;-84.511596 33.656875
-84.509453 33.657509;-84.509644 33.65745;-84.509789 33.65741
-84.509274 33.657573;-84.509281 33.657569;-84.509454 33.657509
-84.508903 33.657891;-84.508939 33.657839;-84.508946 33.657833;-84.50895 33.657827;-84.509002 33.657765;-84.509062 33.65771;-84.509126 33.657658;-84.509198 33.657613;-84.509273 33.657573
-84.508834 33.658144;-84.508834 33.658128;-84.508838 33.658066;-84.508851 33.658006;-84.508873 33.657948;-84.508902 33.657892
-84.508834 33.658145;-84.508834 33.658144
-84.508834 33.658144;-84.508836 33.658909;-84.508839 33.659981;-84.50672 33.659938;-84.50482 33.6599;-84.504049 33.660019;-84.504061 33.65884
-84.504061 33.65884;-84.504084 33.656178;-84.503689 33.656183;-84.503245 33.656251;-84.501475 33.656981;-84.502327 33.658477;-84.50267 33.658798;-84.503014 33.658881;-84.503377 33.658863;-84.504061 33.65884
-84.52937 33.659119;-84.529509 33.659179;-84.52956 33.659259
-84.468869 33.665941;-84.470628 33.665939
-84.465393 33.666925;-84.46608 33.66591;-84.46794 33.66592;-84.46887 33.66594
-84.465393 33.666925;-84.466079 33.66591
-84.465062 33.667414;-84.465393 33.666925
-84.465062 33.667414;-84.46521 33.667196;-84.465393 33.666925
-84.464509 33.66823;-84.465062 33.667414
-84.45779 33.6722;-84.45943 33.67165;-84.46045 33.67136;-84.4622 33.67084;-84.46259 33.67065;-84.46294 33.67038;-84.46335 33.66982;-84.46405 33.66888;-84.46451 33.66823;-84.465062 33.667414
-84.45473 33.67348;-84.4556 33.6731;-84.45779 33.6722
-84.45473 33.67348;-84.455599 33.6731;-84.45779 33.6722
-84.44157 33.67537;-84.44287 33.67545;-84.44482 33.67551;-84.44595 33.67554;-84.44652 33.67557;-84.44662 33.67558;-84.44756 33.67574;-84.44887 33.67574;-84.44911 33.67574;-84.44957 33.67567;-84.45012 33.67554;-84.45041 33.67542;-84.45195 33.6748;-84.45299 33.67439;-84.45317 33.67432;-84.45341 33.67419;-84.45459 33.67355;-84.45473 33.67348
-84.44157 33.67537;-84.44127 33.67534;-84.44093 33.67531;-84.44025 33.67537;-84.439719 33.679224;-84.44019 33.67931;-84.44044 33.67844;-84.44066 33.67773;-84.44106 33.67673;-84.44157 33.67537
