-84.251810 33.733190;-84.252100 33.733210
-84.251190 33.733150;-84.251810 33.733190
-84.250350 33.733090;-84.251190 33.733150
-84.249750 33.733040;-84.250350 33.733090
-84.249190 33.732980;-84.249750 33.733040
-84.248640 33.732910;-84.249190 33.732980
-84.248390 33.732870;-84.248640 33.732910
-84.248110 33.732820;-84.248390 33.732870
-84.247770 33.732760;-84.248110 33.732820
-84.247300 33.732670;-84.247770 33.732760
-84.246700 33.732530;-84.247300 33.732670
-84.246300 33.732430;-84.246700 33.732530
-84.245770 33.732310;-84.246300 33.732430
-84.245130 33.732160;-84.245770 33.732310
-84.244620 33.732070;-84.245130 33.732160
-84.244120 33.731990;-84.244620 33.732070
-84.243790 33.731950;-84.244120 33.731990
-84.243530 33.731910;-84.243790 33.731950
-84.243270 33.731860;-84.243530 33.731910
-84.242830 33.731760;-84.243270 33.731860
-84.242640 33.731710;-84.242830 33.731760
-84.242210 33.731600;-84.242640 33.731710
-84.241540 33.731420;-84.242210 33.731600
-84.240750 33.731090;-84.240830 33.731140
-84.240660 33.731050;-84.240750 33.731090
-84.240570 33.731000;-84.240660 33.731050
-84.240480 33.730940;-84.240570 33.731000
-84.240400 33.730890;-84.240480 33.730940
-84.240160 33.730720;-84.240400 33.730890
-84.239690 33.730350;-84.240160 33.730720
-84.238780 33.729640;-84.239690 33.730350
-84.238630 33.729530;-84.238780 33.729640
-84.238470 33.729420;-84.238630 33.729530
-84.238250 33.729250;-84.238470 33.729420
-84.237400 33.728590;-84.237530 33.728690
-84.237310 33.728520;-84.237400 33.728590
-84.237250 33.728490;-84.237310 33.728520
-84.237120 33.728410;-84.237250 33.728490
-84.236620 33.728120;-84.237120 33.728410
-84.236120 33.727860;-84.236620 33.728120
-84.235290 33.727410;-84.236120 33.727860
-84.235290 33.727300;-84.235290 33.727410
-84.235290 33.727200;-84.235290 33.727300
-84.235270 33.727100;-84.235290 33.727200
-84.235260 33.726990;-84.235270 33.727100
-84.235240 33.726890;-84.235260 33.726990
-84.235210 33.726790;-84.235240 33.726890
-84.235180 33.726690;-84.235210 33.726790
-84.234420 33.724940;-84.234720 33.725600
-84.234090 33.724380;-84.234200 33.724530
-84.233880 33.724110;-84.234090 33.724380
-84.233390 33.723510;-84.233610 33.723770
-84.233220 33.723320;-84.233390 33.723510
-84.233040 33.723160;-84.233220 33.723320
-84.232870 33.723000;-84.233040 33.723160
-84.232360 33.722560;-84.232870 33.723000
-84.231930 33.722190;-84.232360 33.722560
-84.231650 33.721940;-84.231930 33.722190
-84.231420 33.721720;-84.231650 33.721940
-84.231090 33.721390;-84.231420 33.721720
-84.230190 33.720450;-84.230240 33.720500
-84.230150 33.720410;-84.230190 33.720450
-84.230030 33.720270;-84.230150 33.720410
-84.228570 33.718440;-84.229090 33.719100
-84.227560 33.717190;-84.228570 33.718440
-84.227500 33.717120;-84.227560 33.717190
-84.227440 33.717040;-84.227500 33.717120
-84.227370 33.716970;-84.227440 33.717040
-84.227310 33.716900;-84.227370 33.716970
-84.227250 33.716820;-84.227310 33.716900
-84.227060 33.716610;-84.227120 33.716680
-84.226730 33.716290;-84.227060 33.716610
-84.225770 33.715400;-84.226730 33.716290
-84.224800 33.714480;-84.225770 33.715400
-84.224560 33.714300;-84.224490 33.714260
-84.224490 33.714260;-84.224420 33.714260
-84.224420 33.714260;-84.224340 33.714270
-84.224340 33.714270;-84.224180 33.714290
-84.224180 33.714290;-84.223320 33.714460
-84.223320 33.714460;-84.223060 33.714500
-84.223060 33.714500;-84.222560 33.714520
-84.222560 33.714520;-84.221670 33.714520
-84.221670 33.714520;-84.220700 33.714510
-84.220700 33.714510;-84.219750 33.714520
-84.219750 33.714520;-84.219050 33.714520
-84.218390 33.714590;-84.217740 33.714740
-84.217740 33.714740;-84.217260 33.714850
-84.217260 33.714850;-84.216980 33.714900
-84.216980 33.714900;-84.216870 33.714920
-84.216870 33.714920;-84.216700 33.714940
-84.216700 33.714940;-84.216420 33.714950
-84.216420 33.714950;-84.216170 33.714980
-84.121600 33.702660;-84.123120 33.702880
-84.124960 33.703170;-84.127120 33.703500
-84.127120 33.703500;-84.128960 33.703790
-84.129740 33.703910;-84.130470 33.704030
-84.130470 33.704030;-84.130770 33.704080
-84.134790 33.705190;-84.135340 33.705470
-84.135340 33.705470;-84.135430 33.705520
-84.135430 33.705520;-84.135530 33.705560
-84.135530 33.705560;-84.135620 33.705600
-84.135620 33.705600;-84.135720 33.705640
-84.135720 33.705640;-84.135940 33.705730
-84.136340 33.705840;-84.135940 33.705730
-84.136680 33.705910;-84.136340 33.705840
-84.136780 33.705930;-84.136680 33.705910
-84.136890 33.705950;-84.136780 33.705930
-84.136990 33.705970;-84.136890 33.705950
-84.137090 33.705980;-84.136990 33.705970
-84.137200 33.705990;-84.137090 33.705980
-84.137300 33.706000;-84.137200 33.705990
-84.137410 33.706010;-84.137300 33.706000
-84.137510 33.706010;-84.137410 33.706010
-84.137610 33.706020;-84.137510 33.706010
-84.137720 33.706020;-84.137610 33.706020
-84.137820 33.706010;-84.137720 33.706020
-84.138610 33.705960;-84.137820 33.706010
-84.140350 33.705820;-84.139420 33.705890
-84.142430 33.705620;-84.142290 33.705640
-84.142560 33.705600;-84.142430 33.705620
-84.142650 33.705580;-84.142560 33.705600
-84.142740 33.705570;-84.142650 33.705580
-84.143240 33.705440;-84.143140 33.705470
-84.143340 33.705420;-84.143240 33.705440
-84.143440 33.705390;-84.143340 33.705420
-84.143730 33.705290;-84.143630 33.705330
-84.143820 33.705260;-84.143730 33.705290
-84.143920 33.705220;-84.143820 33.705260
-84.144010 33.705180;-84.143920 33.705220
-84.144110 33.705140;-84.144010 33.705180
-84.144200 33.705100;-84.144110 33.705140
-84.144290 33.705060;-84.144200 33.705100
-84.144380 33.705020;-84.144290 33.705060
-84.144480 33.704970;-84.144380 33.705020
-84.144570 33.704920;-84.144480 33.704970
-84.145380 33.704490;-84.144570 33.704920
-84.145570 33.704280;-84.145380 33.704490
-84.145660 33.704170;-84.145570 33.704280
-84.145760 33.704050;-84.145660 33.704170
-84.145920 33.703830;-84.145760 33.704050
-84.146480 33.702970;-84.146380 33.703120
-84.146700 33.702640;-84.146480 33.702970
-84.146760 33.702560;-84.146700 33.702640
-84.146820 33.702480;-84.146760 33.702560
-84.146890 33.702410;-84.146820 33.702480
-84.146960 33.702340;-84.146890 33.702410
-84.147040 33.702270;-84.146960 33.702340
-84.147120 33.702210;-84.147040 33.702270
-84.147200 33.702160;-84.147120 33.702210
-84.147280 33.702100;-84.147200 33.702160
-84.147370 33.702060;-84.147280 33.702100
-84.147470 33.702020;-84.147370 33.702060
-84.147470 33.702020;-84.147730 33.701970
-84.147730 33.701970;-84.147830 33.701950
-84.147830 33.701950;-84.147930 33.701940
-84.147930 33.701940;-84.148030 33.701940
-84.148030 33.701940;-84.148130 33.701930
-84.148130 33.701930;-84.148230 33.701940
-84.148230 33.701940;-84.148320 33.701950
-84.148320 33.701950;-84.148420 33.701960
-84.148420 33.701960;-84.148520 33.701980
-84.148520 33.701980;-84.148610 33.702010
-84.148610 33.702010;-84.148710 33.702040
-84.148710 33.702040;-84.148800 33.702070
-84.148800 33.702070;-84.149000 33.702150
-84.149000 33.702150;-84.149230 33.702230
-84.149230 33.702230;-84.149840 33.702460
-84.149840 33.702460;-84.149940 33.702500
-84.149940 33.702500;-84.150040 33.702540
-84.150040 33.702540;-84.150140 33.702570
-84.150140 33.702570;-84.150250 33.702600
-84.150250 33.702600;-84.150350 33.702630
-84.150350 33.702630;-84.150460 33.702660
-84.150460 33.702660;-84.150560 33.702680
-84.150560 33.702680;-84.150660 33.702700
-84.150660 33.702700;-84.150970 33.702760
-84.150970 33.702760;-84.151070 33.702780
-84.151070 33.702780;-84.151160 33.702790
-84.151160 33.702790;-84.151260 33.702800
-84.151260 33.702800;-84.151350 33.702800
-84.151350 33.702800;-84.151450 33.702810
-84.151450 33.702810;-84.151550 33.702810
-84.151550 33.702810;-84.151640 33.702810
-84.151640 33.702810;-84.151740 33.702810
-84.151740 33.702810;-84.152500 33.702810
-84.152500 33.702810;-84.153060 33.702810
-84.153060 33.702810;-84.154190 33.702810
-84.154190 33.702810;-84.156910 33.702830
-84.156910 33.702830;-84.157700 33.702830
-84.157700 33.702830;-84.158350 33.702840
-84.158350 33.702840;-84.159010 33.702840
-84.159010 33.702840;-84.159780 33.702840
-84.159780 33.702840;-84.160520 33.702850
-84.160520 33.702850;-84.161220 33.702870
-84.161220 33.702870;-84.161950 33.702880
-84.161950 33.702880;-84.162680 33.702890
-84.162680 33.702890;-84.163450 33.702910
-84.163450 33.702910;-84.164880 33.702950
-84.165360 33.702950;-84.164880 33.702950
-84.165660 33.702960;-84.165360 33.702950
-84.166310 33.702970;-84.165660 33.702960
-84.166840 33.702980;-84.166310 33.702970
-84.167050 33.702960;-84.166840 33.702980
-84.167150 33.702960;-84.167050 33.702960
-84.167250 33.702950;-84.167150 33.702960
-84.167360 33.702930;-84.167250 33.702950
-84.167460 33.702910;-84.167360 33.702930
-84.167560 33.702890;-84.167460 33.702910
-84.167660 33.702870;-84.167560 33.702890
-84.167760 33.702840;-84.167660 33.702870
-84.167850 33.702810;-84.167760 33.702840
-84.167950 33.702770;-84.167850 33.702810
-84.168050 33.702740;-84.167950 33.702770
-84.168140 33.702700;-84.168050 33.702740
-84.168240 33.702650;-84.168140 33.702700
-84.168330 33.702610;-84.168240 33.702650
-84.168420 33.702560;-84.168330 33.702610
-84.168510 33.702500;-84.168420 33.702560
-84.168600 33.702450;-84.168510 33.702500
-84.168680 33.702390;-84.168600 33.702450
-84.169390 33.701860;-84.168680 33.702390
-84.170240 33.701270;-84.170140 33.701320
-84.170330 33.701230;-84.170240 33.701270
-84.170430 33.701190;-84.170330 33.701230
-84.170520 33.701150;-84.170430 33.701190
-84.170620 33.701110;-84.170520 33.701150
-84.170720 33.701080;-84.170620 33.701110
-84.170820 33.701060;-84.170720 33.701080
-84.170920 33.701030;-84.170820 33.701060
-84.171020 33.701010;-84.170920 33.701030
-84.171130 33.700990;-84.171020 33.701010
-84.171230 33.700980;-84.171130 33.700990
-84.171330 33.700970;-84.171230 33.700980
-84.180660 33.711170;-84.181170 33.711190
-84.181170 33.711190;-84.181450 33.711200
-84.181450 33.711200;-84.181580 33.711210
-84.181580 33.711210;-84.181830 33.711230
-84.181830 33.711230;-84.182190 33.711250
-84.182680 33.711270;-84.182890 33.711270
-84.182890 33.711270;-84.183230 33.711260
-84.183230 33.711260;-84.183460 33.711260
-84.183460 33.711260;-84.183680 33.711250
-84.183680 33.711250;-84.184080 33.711230
-84.184080 33.711230;-84.185130 33.711220
-84.185130 33.711220;-84.187960 33.711260
-84.189660 33.711250;-84.187960 33.711260
-84.189660 33.711250;-84.189890 33.711260
-84.190190 33.711250;-84.189890 33.711260
-84.190530 33.711250;-84.190190 33.711250
-84.191090 33.711250;-84.190530 33.711250
-84.191090 33.711250;-84.192060 33.711260
-84.192060 33.711260;-84.194430 33.711270
-84.194640 33.711270;-84.194430 33.711270
-84.194770 33.711270;-84.194640 33.711270
-84.196050 33.711280;-84.194770 33.711270
-84.197230 33.711290;-84.196050 33.711280
-84.198120 33.711300;-84.197230 33.711290
-84.198670 33.711300;-84.198120 33.711300
-84.199250 33.711300;-84.198670 33.711300
-84.199310 33.711300;-84.199250 33.711300
-84.199360 33.711300;-84.199310 33.711300
-84.199430 33.711290;-84.199360 33.711300
-84.199520 33.711270;-84.199430 33.711290
-84.199610 33.711250;-84.199520 33.711270
-84.199700 33.711240;-84.199610 33.711250
-84.199800 33.711220;-84.199700 33.711240
-84.199890 33.711190;-84.199800 33.711220
-84.199980 33.711170;-84.199890 33.711190
-84.200070 33.711140;-84.199980 33.711170
-84.200550 33.711000;-84.200070 33.711140
-84.200650 33.710970;-84.200550 33.711000
-84.201100 33.710840;-84.200650 33.710970
-84.201500 33.710730;-84.201100 33.710840
-84.202290 33.710490;-84.202180 33.710520
-84.202450 33.710450;-84.202290 33.710490
-84.202530 33.710440;-84.202450 33.710450
-84.202600 33.710420;-84.202530 33.710440
-84.202670 33.710410;-84.202600 33.710420
-84.202960 33.710330;-84.202670 33.710410
-84.203250 33.710230;-84.202960 33.710330
-84.203350 33.710190;-84.203250 33.710230
-84.203870 33.710010;-84.203690 33.710060
-84.204410 33.709840;-84.203870 33.710010
-84.205130 33.709630;-84.204410 33.709840
-84.205130 33.709630;-84.205300 33.709570
-84.205300 33.709570;-84.205450 33.709530
-84.205450 33.709530;-84.205670 33.709480
-84.205670 33.709480;-84.205940 33.709410
-84.205940 33.709410;-84.206030 33.709390
-84.206310 33.709370;-84.206400 33.709370
-84.206400 33.709370;-84.206490 33.709370
-84.206490 33.709370;-84.206590 33.709380
-84.206590 33.709380;-84.206690 33.709390
-84.206690 33.709390;-84.206790 33.709420
-84.206790 33.709420;-84.206890 33.709450
-84.206890 33.709450;-84.207130 33.709540
-84.207130 33.709540;-84.207360 33.709650
-84.207360 33.709650;-84.207640 33.709790
-84.207990 33.709980;-84.208090 33.710030
-84.208090 33.710030;-84.208210 33.710090
-84.208210 33.710090;-84.208940 33.710360
-84.208940 33.710360;-84.209120 33.710420
-84.209120 33.710420;-84.209270 33.710470
-84.209270 33.710470;-84.209390 33.710510
-84.214650 33.714960;-84.215440 33.714990
-84.215440 33.714990;-84.215810 33.715030
-84.181840 33.705450;-84.181500 33.705920
-84.181500 33.705920;-84.181220 33.706330
-84.181220 33.706330;-84.181080 33.706540
-84.181080 33.706540;-84.180870 33.706850
-84.180870 33.706850;-84.180530 33.707350
-84.180530 33.707350;-84.180410 33.707520
-84.180160 33.707890;-84.180120 33.707960
-84.180120 33.707960;-84.180070 33.708040
-84.180070 33.708040;-84.180030 33.708110
-84.180030 33.708110;-84.179990 33.708210
-84.179990 33.708210;-84.179960 33.708310
-84.179960 33.708310;-84.179940 33.708410
-84.179940 33.708410;-84.179920 33.708510
-84.179920 33.708510;-84.179920 33.708610
-84.179920 33.708610;-84.179910 33.708710
-84.179910 33.708710;-84.179920 33.708800
-84.179920 33.708800;-84.179930 33.708850
-84.179930 33.708850;-84.179940 33.708930
-84.179940 33.708930;-84.179960 33.709010
-84.180080 33.709350;-84.180200 33.709630
-84.180200 33.709630;-84.180260 33.709790
-84.180260 33.709790;-84.180300 33.709900
-84.180300 33.709900;-84.180330 33.709990
-84.180330 33.709990;-84.180370 33.710080
-84.180370 33.710080;-84.180410 33.710160
-84.180410 33.710160;-84.180500 33.710320
-84.180500 33.710320;-84.180550 33.710400
-84.180550 33.710400;-84.180660 33.710560
-84.180660 33.710560;-84.180700 33.710580
-84.180700 33.710580;-84.180730 33.710600
-84.180730 33.710600;-84.180760 33.710630
-84.180760 33.710630;-84.180820 33.710690
-84.180820 33.710690;-84.180890 33.710750
-84.180890 33.710750;-84.180960 33.710800
-84.180960 33.710800;-84.181030 33.710860
-84.181030 33.710860;-84.181100 33.710910
-84.181100 33.710910;-84.181200 33.710960
-84.181200 33.710960;-84.181360 33.711050
-84.181360 33.711050;-84.181520 33.711130
-84.181520 33.711130;-84.181560 33.711170
-84.181560 33.711170;-84.181580 33.711210
-84.173680 33.701040;-84.175080 33.701070
-84.175080 33.701070;-84.175820 33.701080
-84.175820 33.701080;-84.177230 33.701090
-84.177230 33.701090;-84.181090 33.701120
-84.181090 33.701120;-84.184480 33.701150
-84.184480 33.701150;-84.184400 33.701370
-84.184400 33.701370;-84.184190 33.701780
-84.184190 33.701780;-84.183600 33.702770
-84.183600 33.702770;-84.183520 33.702910
-84.183520 33.702910;-84.183250 33.703320
-84.183250 33.703320;-84.183100 33.703570
-84.183100 33.703570;-84.182890 33.703900
-84.182890 33.703900;-84.182620 33.704300
-84.182620 33.704300;-84.182500 33.704480
-84.182500 33.704480;-84.182370 33.704650
-84.182370 33.704650;-84.182150 33.704990
-84.182150 33.704990;-84.181840 33.705450
-84.253180 33.731470;-84.252150 33.731490
-84.253790 33.731470;-84.254250 33.731480
-84.254250 33.731480;-84.255450 33.731500
-84.255450 33.731500;-84.255760 33.731510
-84.255760 33.731510;-84.256550 33.731520
-84.256550 33.731520;-84.257300 33.731510
-84.260740 33.731520;-84.262060 33.731560
-84.259170 33.731510;-84.260740 33.731520
-84.259170 33.731510;-84.258190 33.731510
-84.258190 33.731510;-84.257300 33.731510
-84.252150 33.731490;-84.252140 33.732000
-84.252140 33.732000;-84.252100 33.733210
-84.099670 33.697590;-84.099090 33.698340
-84.100130 33.697300;-84.099670 33.697590
-84.100220 33.697270;-84.100130 33.697300
-84.100310 33.697240;-84.100220 33.697270
-84.100400 33.697190;-84.100310 33.697240
-84.100480 33.697130;-84.100400 33.697190
-84.100550 33.697060;-84.100480 33.697130
-84.100610 33.696980;-84.100550 33.697060
-84.100670 33.696900;-84.100610 33.696980
-84.100730 33.696790;-84.100670 33.696900
-84.100760 33.696740;-84.100730 33.696790
-84.101130 33.696300;-84.100760 33.696740
-84.099090 33.698340;-84.099290 33.698830
-84.099290 33.698830;-84.099340 33.699050
-84.099340 33.699050;-84.099350 33.699290
-84.100350 33.700270;-84.099140 33.700130
-84.102150 33.700430;-84.101510 33.700440
-84.102540 33.700380;-84.102150 33.700430
-84.103120 33.700110;-84.102540 33.700380
-84.103670 33.699610;-84.103120 33.700110
-84.104230 33.698370;-84.103670 33.699610
-84.104230 33.698370;-84.104320 33.698400
-84.104320 33.698400;-84.104420 33.698430
-84.104420 33.698430;-84.104520 33.698450
-84.104720 33.698500;-84.104820 33.698510
-84.104820 33.698510;-84.104920 33.698530
-84.104920 33.698530;-84.105020 33.698540
-84.105020 33.698540;-84.105120 33.698550
-84.105120 33.698550;-84.105220 33.698560
-84.105220 33.698560;-84.105320 33.698570
-84.105320 33.698570;-84.105420 33.698570
-84.105420 33.698570;-84.105520 33.698570
-84.105520 33.698570;-84.105620 33.698560
-84.105620 33.698560;-84.106960 33.698560
-84.106960 33.698560;-84.108380 33.698550
-84.108380 33.698550;-84.109170 33.698550
-84.109170 33.698550;-84.109270 33.698540
-84.109270 33.698540;-84.109370 33.698540
-84.109370 33.698540;-84.109470 33.698530
-84.109470 33.698530;-84.109580 33.698520
-84.109580 33.698520;-84.109680 33.698500
-84.109680 33.698500;-84.109780 33.698490
-84.109780 33.698490;-84.109880 33.698470
-84.109880 33.698470;-84.109980 33.698450
-84.109980 33.698450;-84.110080 33.698430
-84.110290 33.698390;-84.110390 33.698370
-84.110390 33.698370;-84.110490 33.698340
-84.110490 33.698340;-84.110580 33.698310
-84.110580 33.698310;-84.110680 33.698280
-84.110680 33.698280;-84.112410 33.697860
-84.112410 33.697860;-84.112520 33.697830
-84.112520 33.697830;-84.112620 33.697810
-84.112620 33.697810;-84.112720 33.697790
-84.112720 33.697790;-84.112830 33.697780
-84.113040 33.697760;-84.113140 33.697750
-84.113140 33.697750;-84.113250 33.697750
-84.113250 33.697750;-84.113350 33.697750
-84.113350 33.697750;-84.113460 33.697750
-84.113670 33.697760;-84.113780 33.697770
-84.113980 33.697810;-84.114090 33.697830
-84.114090 33.697830;-84.114190 33.697850
-84.114190 33.697850;-84.114290 33.697880
-84.114290 33.697880;-84.114390 33.697910
-84.114390 33.697910;-84.114500 33.697940
-84.114500 33.697940;-84.114600 33.697980
-84.114600 33.697980;-84.114700 33.698010
-84.114700 33.698010;-84.114800 33.698060
-84.114800 33.698060;-84.114890 33.698100
-84.114890 33.698100;-84.114990 33.698150
-84.114990 33.698150;-84.115080 33.698200
-84.115080 33.698200;-84.115180 33.698250
-84.115180 33.698250;-84.115270 33.698310
-84.115270 33.698310;-84.115360 33.698370
-84.115360 33.698370;-84.115450 33.698430
-84.115450 33.698430;-84.115530 33.698490
-84.115530 33.698490;-84.116050 33.698840
-84.116050 33.698840;-84.116130 33.698900
-84.116130 33.698900;-84.116220 33.698960
-84.116220 33.698960;-84.116310 33.699010
-84.116310 33.699010;-84.116400 33.699060
-84.116580 33.699150;-84.116670 33.699190
-84.116670 33.699190;-84.116770 33.699230
-84.116770 33.699230;-84.116870 33.699270
-84.116870 33.699270;-84.116960 33.699300
-84.116960 33.699300;-84.117550 33.699460
-84.117550 33.699460;-84.117890 33.699590
-84.117890 33.699590;-84.117700 33.699850
-84.117700 33.699850;-84.117310 33.700230
-84.117310 33.700230;-84.117240 33.700290
-84.117240 33.700290;-84.117180 33.700350
-84.117180 33.700350;-84.117110 33.700420
-84.116990 33.700560;-84.116940 33.700640
-84.116940 33.700640;-84.116890 33.700710
-84.116890 33.700710;-84.116830 33.700820
-84.116790 33.700900;-84.116620 33.701230
-84.116620 33.701230;-84.116540 33.701360
-84.116540 33.701360;-84.116370 33.701650
-84.104080 33.698310;-84.104230 33.698370
-84.103990 33.698270;-84.104080 33.698310
-84.103900 33.698240;-84.103990 33.698270
-84.103820 33.698190;-84.103900 33.698240
-84.103730 33.698150;-84.103820 33.698190
-84.103650 33.698100;-84.103730 33.698150
-84.103570 33.698050;-84.103650 33.698100
-84.103490 33.698000;-84.103570 33.698050
-84.103410 33.697950;-84.103490 33.698000
-84.102710 33.697450;-84.103410 33.697950
-84.101630 33.696650;-84.102710 33.697450
-84.101130 33.696300;-84.101630 33.696650
-84.117550 33.699460;-84.117610 33.699540
-84.117610 33.699540;-84.117660 33.699590
-84.117660 33.699590;-84.117690 33.699630
-84.117690 33.699630;-84.117710 33.699700
-84.117710 33.699700;-84.117710 33.699760
-84.117710 33.699760;-84.117700 33.699850
-84.313320 33.763890;-84.313440 33.763940
-84.313220 33.763860;-84.313320 33.763890
-84.313130 33.763840;-84.313220 33.763860
-84.313030 33.763840;-84.313130 33.763840
-84.312380 33.763820;-84.313030 33.763840
-84.215880 33.715060;-84.215810 33.715030
-84.215940 33.715070;-84.215880 33.715060
-84.216010 33.715080;-84.215940 33.715070
-84.216350 33.715070;-84.216010 33.715080
-84.216620 33.715050;-84.216350 33.715070
-84.216730 33.715040;-84.216620 33.715050
-84.216930 33.715010;-84.216730 33.715040
-84.217150 33.714970;-84.216930 33.715010
-84.217570 33.714880;-84.217150 33.714970
-84.218160 33.714750;-84.217570 33.714880
-84.218260 33.714730;-84.218160 33.714750
-84.218350 33.714710;-84.218260 33.714730
-84.218450 33.714690;-84.218350 33.714710
-84.218550 33.714670;-84.218450 33.714690
-84.218730 33.714650;-84.218550 33.714670
-84.219110 33.714620;-84.218730 33.714650
-84.219420 33.714610;-84.219110 33.714620
-84.221340 33.714620;-84.219420 33.714610
-84.222550 33.714630;-84.221340 33.714620
-84.222650 33.714630;-84.222550 33.714630
-84.222760 33.714620;-84.222650 33.714630
-84.222870 33.714620;-84.222760 33.714620
-84.222970 33.714610;-84.222870 33.714620
-84.223080 33.714590;-84.222970 33.714610
-84.223190 33.714580;-84.223080 33.714590
-84.223290 33.714560;-84.223190 33.714580
-84.223920 33.714460;-84.223290 33.714560
-84.312380 33.763820;-84.312080 33.763820
-84.312080 33.763820;-84.311740 33.763810
-84.311300 33.763830;-84.311120 33.763840
-84.311110 33.763770;-84.311120 33.763840
-84.311100 33.763680;-84.311110 33.763770
-84.311090 33.763300;-84.311100 33.763680
-84.311080 33.761740;-84.311080 33.762460
-84.311050 33.760870;-84.311070 33.760950
-84.310920 33.760500;-84.310980 33.760640
-84.310870 33.760420;-84.310920 33.760500
-84.310810 33.760340;-84.310870 33.760420
-84.310750 33.760260;-84.310810 33.760340
-84.310680 33.760190;-84.310750 33.760260
-84.310610 33.760120;-84.310680 33.760190
-84.310530 33.760050;-84.310610 33.760120
-84.310450 33.759990;-84.310530 33.760050
-84.310470 33.759950;-84.310450 33.759990
-84.310500 33.759890;-84.310470 33.759950
-84.310510 33.759830;-84.310500 33.759890
-84.310500 33.759180;-84.310510 33.759830
-84.310490 33.756870;-84.310500 33.759180
-84.310480 33.756190;-84.310480 33.756310
-84.310470 33.756000;-84.310480 33.756190
-84.310460 33.755870;-84.310470 33.756000
-84.310410 33.755370;-84.310460 33.755870
-84.310400 33.755310;-84.310410 33.755370
-84.310390 33.755210;-84.310400 33.755310
-84.310370 33.755120;-84.310390 33.755210
-84.310290 33.754840;-84.310320 33.754930
-84.310250 33.754750;-84.310290 33.754840
-84.310210 33.754660;-84.310250 33.754750
-84.310160 33.754570;-84.310210 33.754660
-84.310110 33.754490;-84.310160 33.754570
-84.309770 33.754060;-84.309790 33.754090
-84.309750 33.753970;-84.309770 33.754060
-84.309740 33.753880;-84.309750 33.753970
-84.309730 33.753610;-84.309740 33.753880
-84.309730 33.752400;-84.309730 33.753610
-84.309720 33.751060;-84.309730 33.752400
-84.309720 33.750010;-84.309720 33.751060
-84.309730 33.748390;-84.309720 33.750010
-84.309740 33.747280;-84.309730 33.748390
-84.309730 33.745950;-84.309740 33.747280
-84.309720 33.745260;-84.309730 33.745950
-84.309720 33.741430;-84.309720 33.742860
-84.309690 33.740700;-84.309720 33.741430
-84.309690 33.740270;-84.309690 33.740700
-84.309690 33.740200;-84.309690 33.740270
-84.309680 33.740110;-84.309690 33.740200
-84.309670 33.740040;-84.309680 33.740110
-84.309660 33.739730;-84.309670 33.740040
-84.309700 33.738770;-84.309700 33.738960
-84.309700 33.738530;-84.309700 33.738770
-84.309690 33.738260;-84.309700 33.738530
-84.309680 33.737970;-84.309690 33.738260
-84.309680 33.737900;-84.309680 33.737970
-84.309640 33.737380;-84.309680 33.737900
-84.309580 33.736520;-84.309640 33.737380
-84.309550 33.736190;-84.309580 33.736520
-84.309540 33.736030;-84.309550 33.736190
-84.309540 33.735840;-84.309540 33.736030
-84.309540 33.735740;-84.309540 33.735840
-84.309550 33.735640;-84.309540 33.735740
-84.309560 33.735540;-84.309550 33.735640
-84.309570 33.735440;-84.309560 33.735540
-84.309580 33.735340;-84.309570 33.735440
-84.309600 33.735240;-84.309580 33.735340
-84.309700 33.734600;-84.309600 33.735240
-84.309710 33.734480;-84.309700 33.734600
-84.309720 33.734370;-84.309710 33.734480
-84.309720 33.734280;-84.309720 33.734370
-84.309720 33.734050;-84.309720 33.734280
-84.309690 33.733400;-84.309720 33.734050
-84.309680 33.732680;-84.309690 33.733400
-84.309680 33.732500;-84.309680 33.732680
-84.309670 33.732220;-84.309670 33.732310
-84.309660 33.732120;-84.309670 33.732220
-84.305590 33.732090;-84.309660 33.732120
-84.305410 33.732080;-84.305590 33.732090
-84.303940 33.732070;-84.305410 33.732080
-84.303320 33.732060;-84.303940 33.732070
-84.303320 33.732060;-84.302960 33.732060
-84.302150 33.732050;-84.302960 33.732060
-84.301220 33.732040;-84.302150 33.732050
-84.300660 33.732030;-84.301220 33.732040
-84.300050 33.732020;-84.300660 33.732030
-84.299490 33.732010;-84.300050 33.732020
-84.299490 33.732010;-84.298860 33.732010
-84.298060 33.732000;-84.298860 33.732010
-84.297210 33.732000;-84.298060 33.732000
-84.296350 33.731990;-84.297210 33.732000
-84.295060 33.731970;-84.294680 33.731970
-84.293670 33.731960;-84.294680 33.731970
-84.292610 33.731950;-84.293670 33.731960
-84.290220 33.731930;-84.291070 33.731940
-84.285340 33.731870;-84.290220 33.731930
-84.283250 33.731850;-84.285340 33.731870
-84.280340 33.731800;-84.283250 33.731850
-84.279480 33.731790;-84.280340 33.731800
-84.279050 33.731780;-84.279480 33.731790
-84.276250 33.731740;-84.277020 33.731750
-84.274950 33.731730;-84.276250 33.731740
-84.272180 33.731680;-84.272440 33.731690
-84.270950 33.731670;-84.272180 33.731680
-84.171560 33.700960;-84.171660 33.700960
-84.171330 33.700970;-84.171560 33.700960
-84.180660 33.710560;-84.180680 33.710610
-84.180680 33.710610;-84.180690 33.710650
-84.180690 33.710650;-84.180700 33.710690
-84.180700 33.710690;-84.180700 33.710740
-84.180700 33.710740;-84.180700 33.710790
-84.180700 33.710790;-84.180700 33.710870
-84.180700 33.710870;-84.180690 33.710960
-84.180690 33.710960;-84.180680 33.711010
-84.180680 33.711010;-84.180680 33.711070
-84.180680 33.711070;-84.180660 33.711170
-84.214550 33.714970;-84.214650 33.714960
-84.214460 33.714960;-84.214550 33.714970
-84.214380 33.714940;-84.214460 33.714960
-84.214290 33.714910;-84.214380 33.714940
-84.214200 33.714880;-84.214290 33.714910
-84.213910 33.714810;-84.214010 33.714830
-84.213810 33.714800;-84.213910 33.714810
-84.213380 33.714790;-84.213810 33.714800
-84.212140 33.714790;-84.213380 33.714790
-84.211740 33.714780;-84.212140 33.714790
-84.211630 33.714780;-84.211740 33.714780
-84.211540 33.714760;-84.211630 33.714780
-84.211440 33.714740;-84.211540 33.714760
-84.211340 33.714700;-84.211440 33.714740
-84.211250 33.714660;-84.211340 33.714700
-84.211150 33.714610;-84.211250 33.714660
-84.210930 33.714410;-84.211000 33.714490
-84.210880 33.714330;-84.210930 33.714410
-84.210830 33.714240;-84.210880 33.714330
-84.210790 33.714150;-84.210830 33.714240
-84.210770 33.714050;-84.210790 33.714150
-84.210750 33.713950;-84.210770 33.714050
-84.210750 33.713880;-84.210750 33.713950
-84.210770 33.713550;-84.210750 33.713880
-84.179989 33.709089;-84.180079 33.709350
-84.179960 33.709010;-84.179989 33.709089
-84.130851 33.703590;-84.130772 33.704080
-84.130856 33.703572;-84.130851 33.703590
-84.130879 33.703451;-84.130856 33.703572
-84.130882 33.703440;-84.130879 33.703451
-84.130932 33.702840;-84.130882 33.703440
-84.130962 33.702459;-84.130932 33.702840
-84.130991 33.702050;-84.130962 33.702459
-84.130592 33.702030;-84.130991 33.702050
-84.129902 33.701980;-84.130592 33.702030
-84.129252 33.701980;-84.129902 33.701980
-84.128812 33.702020;-84.129252 33.701980
-84.128382 33.702079;-84.128812 33.702020
-84.127962 33.702149;-84.128382 33.702079
-84.125562 33.702190;-84.126012 33.702239
-84.125121 33.702120;-84.125562 33.702190
-84.124671 33.702030;-84.125121 33.702120
-84.124292 33.701950;-84.124671 33.702030
-84.122261 33.701550;-84.122852 33.701670
-84.121602 33.701420;-84.122261 33.701550
-84.120942 33.701299;-84.121602 33.701420
-84.120061 33.701150;-84.120942 33.701299
-84.119192 33.701090;-84.120061 33.701150
-84.118782 33.701080;-84.119192 33.701090
-84.117862 33.701029;-84.118782 33.701080
-84.117471 33.700970;-84.117862 33.701029
-84.116812 33.700860;-84.117471 33.700970
-84.116790 33.700900;-84.116812 33.700860
-84.130770 33.704080;-84.130630 33.705240
-84.130630 33.705240;-84.130620 33.705290
-84.130620 33.705290;-84.130609 33.705360
-84.130609 33.705360;-84.130609 33.705470
-84.130609 33.705470;-84.130590 33.705639
-84.130590 33.705639;-84.130550 33.705990
-84.130550 33.705990;-84.130479 33.706469
-84.123120 33.702880;-84.123744 33.702978
-84.123744 33.702978;-84.124960 33.703170
-84.129610 33.703890;-84.129740 33.703910
-84.159010 33.702840;-84.159596 33.702840
-84.159596 33.702840;-84.159780 33.702840
-84.167149 33.702960;-84.167050 33.702960
-84.167250 33.702950;-84.167149 33.702960
-84.170009 33.701409;-84.169390 33.701860
-84.170139 33.701319;-84.170009 33.701409
-84.171129 33.700990;-84.171020 33.701010
-84.171230 33.700980;-84.171129 33.700990
-84.215890 33.715000;-84.215809 33.715030
-84.214109 33.714850;-84.214199 33.714880
-84.214010 33.714830;-84.214109 33.714850
-84.211069 33.714549;-84.211149 33.714610
-84.211000 33.714490;-84.211069 33.714549
-84.182189 33.711250;-84.182520 33.711259
-84.182520 33.711259;-84.182679 33.711270
-84.206030 33.709390;-84.206120 33.709379
-84.206120 33.709379;-84.206210 33.709379
-84.206210 33.709379;-84.206310 33.709370
-84.216169 33.714980;-84.215980 33.714980
-84.215980 33.714980;-84.215890 33.715000
-84.099350 33.699290;-84.099317 33.699538
-84.099261 33.699782;-84.099139 33.700130
-84.099300 33.699670;-84.099261 33.699782
-84.099317 33.699538;-84.099300 33.699670
-84.210785 33.712795;-84.210769 33.713550
-84.210777 33.712695;-84.210785 33.712795
-84.210732 33.712582;-84.210777 33.712695
-84.210637 33.712338;-84.210732 33.712582
-84.210483 33.711979;-84.210637 33.712338
-84.210317 33.711659;-84.210483 33.711979
-84.210161 33.711341;-84.210317 33.711659
-84.210050 33.711088;-84.210161 33.711341
-84.210017 33.711020;-84.210050 33.711088
-84.209981 33.710958;-84.210017 33.711020
-84.209922 33.710876;-84.209981 33.710958
-84.209866 33.710813;-84.209922 33.710876
-84.209795 33.710744;-84.209866 33.710813
-84.209726 33.710685;-84.209795 33.710744
-84.209668 33.710640;-84.209726 33.710685
-84.209558 33.710579;-84.209668 33.710640
-84.172180 33.700989;-84.172832 33.701011
-84.172789 33.701685;-84.172719 33.701743
-84.172719 33.701743;-84.172272 33.701732
-84.172272 33.701732;-84.172176 33.701728
-84.172832 33.701011;-84.173679 33.701040
-84.172818 33.701235;-84.172198 33.701235
-84.172832 33.701011;-84.172818 33.701235
-84.172198 33.701235;-84.172120 33.701285
-84.172120 33.701285;-84.172116 33.701434
-84.172116 33.701434;-84.172110 33.701661
-84.172110 33.701661;-84.172176 33.701728
-84.172789 33.701685;-84.172818 33.701235
-84.116830 33.700819;-84.116810 33.700859
-84.116490 33.699109;-84.116580 33.699149
-84.116400 33.699059;-84.116490 33.699109
-84.117050 33.700489;-84.116989 33.700560
-84.117110 33.700419;-84.117050 33.700489
-84.134789 33.705190;-84.134681 33.705118
-84.134681 33.705118;-84.134478 33.705041
-84.134478 33.705041;-84.134258 33.704996
-84.134258 33.704996;-84.134177 33.704992
-84.134177 33.704992;-84.134045 33.704989
-84.134045 33.704989;-84.133905 33.705001
-84.133905 33.705001;-84.133800 33.705016
-84.133800 33.705016;-84.133673 33.705041
-84.133673 33.705041;-84.133506 33.705100
-84.133506 33.705100;-84.133331 33.705181
-84.133331 33.705181;-84.133158 33.705307
-84.133158 33.705307;-84.133058 33.705406
-84.133058 33.705406;-84.132959 33.705530
-84.132959 33.705530;-84.132845 33.705703
-84.132845 33.705703;-84.132697 33.705921
-84.132697 33.705921;-84.132517 33.706210
-84.132517 33.706210;-84.132355 33.706437
-84.132355 33.706437;-84.132260 33.706570
-84.132260 33.706570;-84.132126 33.706719
-84.132126 33.706719;-84.132018 33.706818
-84.132018 33.706818;-84.131853 33.706908
-84.131853 33.706908;-84.131684 33.706984
-84.131684 33.706984;-84.131476 33.707038
-84.131476 33.707038;-84.131244 33.707067
-84.131244 33.707067;-84.131096 33.707065
-84.131096 33.707065;-84.130899 33.707036
-84.130899 33.707036;-84.130595 33.706950
-84.130595 33.706950;-84.130369 33.706889
-84.172180 33.700990;-84.171920 33.700980
-84.209390 33.710509;-84.209558 33.710579
-84.207860 33.709909;-84.207989 33.709980
-84.207639 33.709790;-84.207860 33.709909
-84.101509 33.700440;-84.100919 33.700369
-84.100919 33.700369;-84.100350 33.700269
-84.253180 33.731470;-84.253439 33.731470
-84.253439 33.731470;-84.253790 33.731469
-84.309719 33.742860;-84.309719 33.745039
-84.309719 33.745039;-84.309720 33.745259
-84.311740 33.763810;-84.311580 33.763809
-84.311580 33.763809;-84.311299 33.763830
-84.311019 33.760739;-84.311049 33.760869
-84.310980 33.760639;-84.311019 33.760739
-84.309789 33.754090;-84.309860 33.754169
-84.218749 33.714540;-84.218389 33.714589
-84.219050 33.714519;-84.218749 33.714540
-84.224560 33.714299;-84.224500 33.714329
-84.224500 33.714329;-84.224389 33.714370
-84.224389 33.714370;-84.223920 33.714459
-84.224560 33.714299;-84.224710 33.714409
-84.224710 33.714409;-84.224799 33.714480
-84.227119 33.716680;-84.227189 33.716749
-84.227189 33.716749;-84.227249 33.716819
-84.229090 33.719100;-84.229960 33.720179
-84.229960 33.720179;-84.230029 33.720270
-84.230240 33.720500;-84.230759 33.721059
-84.230759 33.721059;-84.231089 33.721389
-84.233610 33.723769;-84.233809 33.724019
-84.233809 33.724019;-84.233880 33.724109
-84.234200 33.724530;-84.234319 33.724740
-84.234319 33.724740;-84.234419 33.724939
-84.234719 33.725599;-84.235129 33.726529
-84.235129 33.726529;-84.235180 33.726689
-84.237529 33.728689;-84.237770 33.728859
-84.237770 33.728859;-84.238009 33.729050
-84.238009 33.729050;-84.238249 33.729250
-84.240829 33.731139;-84.240919 33.731180
-84.240919 33.731180;-84.241160 33.731289
-84.241160 33.731289;-84.241299 33.731339
-84.241299 33.731339;-84.241540 33.731420
-84.262060 33.731559;-84.263440 33.731579
-84.263440 33.731579;-84.264010 33.731590
-84.264010 33.731590;-84.265220 33.731619
-84.265220 33.731619;-84.265689 33.731630
-84.265689 33.731630;-84.266030 33.731639
-84.266030 33.731639;-84.268309 33.731699
-84.268609 33.731699;-84.268309 33.731699
-84.269640 33.731690;-84.268609 33.731699
-84.270949 33.731669;-84.269640 33.731690
-84.272440 33.731689;-84.273650 33.731709
-84.273650 33.731709;-84.274949 33.731729
-84.277019 33.731749;-84.277849 33.731769
-84.277849 33.731769;-84.279050 33.731779
-84.291359 33.731939;-84.291070 33.731940
-84.291359 33.731939;-84.292610 33.731950
-84.295059 33.731969;-84.296259 33.731990
-84.296350 33.731989;-84.296259 33.731990
-84.309669 33.732310;-84.309680 33.732409
-84.309680 33.732409;-84.309680 33.732499
-84.309699 33.738959;-84.309669 33.739469
-84.309669 33.739469;-84.309660 33.739730
-84.309860 33.754169;-84.310059 33.754419
-84.310059 33.754419;-84.310109 33.754490
-84.310320 33.754929;-84.310350 33.755019
-84.310350 33.755019;-84.310369 33.755119
-84.310479 33.756310;-84.310480 33.756332
-84.310480 33.756332;-84.310490 33.756869
-84.311070 33.760949;-84.311079 33.761079
-84.311079 33.761079;-84.311079 33.761739
-84.311079 33.762460;-84.311079 33.763039
-84.311079 33.763039;-84.311090 33.763300
-84.313440 33.763940;-84.313220 33.764453
-84.313220 33.764453;-84.312383 33.764364
-84.312383 33.764364;-84.312380 33.763820
-84.121476 33.702640;-84.121599 33.702659
-84.121181 33.702579;-84.121476 33.702640
-84.120672 33.702459;-84.121181 33.702579
-84.120421 33.702399;-84.120672 33.702459
-84.119931 33.702260;-84.120421 33.702399
-84.119452 33.702120;-84.119931 33.702260
-84.118972 33.702010;-84.119452 33.702120
-84.118512 33.701939;-84.118972 33.702010
-84.118072 33.701910;-84.118512 33.701939
-84.117472 33.701870;-84.118072 33.701910
-84.116991 33.701840;-84.117472 33.701870
-84.116781 33.701820;-84.116991 33.701840
-84.116652 33.701800;-84.116781 33.701820
-84.116372 33.701750;-84.116652 33.701800
-84.116370 33.701650;-84.116318 33.701740
-84.116372 33.701750;-84.116318 33.701740
-84.127541 33.702199;-84.127962 33.702150
-84.127112 33.702249;-84.127541 33.702199
-84.126681 33.702270;-84.127112 33.702249
-84.130430 33.706679;-84.130369 33.706889
-84.130479 33.706469;-84.130430 33.706679
-84.143630 33.705330;-84.143530 33.705359
-84.143530 33.705359;-84.143439 33.705389
-84.143140 33.705470;-84.142930 33.705519
-84.142930 33.705519;-84.142740 33.705570
-84.142290 33.705640;-84.142080 33.705679
-84.142080 33.705679;-84.141310 33.705749
-84.141310 33.705749;-84.140869 33.705780
-84.140869 33.705780;-84.140420 33.705814
-84.140420 33.705814;-84.140350 33.705820
-84.139420 33.705890;-84.138659 33.705955
-84.138659 33.705955;-84.138610 33.705959
-84.146289 33.703270;-84.145920 33.703829
-84.146380 33.703119;-84.146289 33.703270
-84.171659 33.700960;-84.171760 33.700969
-84.171760 33.700969;-84.171920 33.700979
-84.180410 33.707519;-84.180199 33.707820
-84.180199 33.707820;-84.180160 33.707890
-84.201859 33.710609;-84.201500 33.710729
-84.202180 33.710519;-84.201859 33.710609
-84.203539 33.710119;-84.203349 33.710190
-84.203689 33.710059;-84.203539 33.710119
-84.110079 33.698429;-84.110190 33.698409
-84.110190 33.698409;-84.110289 33.698389
-84.112829 33.697780;-84.112930 33.697769
-84.112930 33.697769;-84.113039 33.697760
-84.113460 33.697750;-84.113569 33.697749
-84.113569 33.697749;-84.113670 33.697759
-84.113780 33.697769;-84.113880 33.697789
-84.113880 33.697789;-84.113979 33.697810
-84.104620 33.698479;-84.104720 33.698500
-84.104519 33.698449;-84.104620 33.698479
-84.126012 33.702240;-84.126681 33.702270
-84.123651 33.701829;-84.124292 33.701949
-84.122851 33.701670;-84.123651 33.701829
-84.128960 33.703790;-84.129609 33.703890
