-84.351360 33.918868;-84.353550 33.918895
-84.350620 33.918868;-84.351360 33.918868
-84.352110 33.962646;-84.350312 33.965258
-84.356318 33.956847;-84.355217 33.958708
-84.351520 33.989008;-84.351706 33.989715
-84.350289 33.980507;-84.350245 33.980963
-84.356459 33.943728;-84.356263 33.943746
-84.356263 33.943746;-84.356002 33.943746
-84.357386 33.945688;-84.357407 33.946296
-84.357527 33.947245;-84.357506 33.947406
-84.357506 33.947406;-84.357593 33.947898
-84.345660 33.920580;-84.345430 33.920590
-84.345820 33.920570;-84.345660 33.920580
-84.345930 33.920560;-84.345820 33.920570
-84.346030 33.920550;-84.345930 33.920560
-84.346130 33.920530;-84.346030 33.920550
-84.346240 33.920510;-84.346130 33.920530
-84.346340 33.920480;-84.346240 33.920510
-84.346440 33.920450;-84.346340 33.920480
-84.346530 33.920410;-84.346440 33.920450
-84.346630 33.920370;-84.346530 33.920410
-84.346720 33.920320;-84.346630 33.920370
-84.346810 33.920270;-84.346720 33.920320
-84.346900 33.920210;-84.346810 33.920270
-84.346990 33.920150;-84.346900 33.920210
-84.347070 33.920090;-84.346990 33.920150
-84.347150 33.920020;-84.347070 33.920090
-84.347590 33.919590;-84.347150 33.920020
-84.347890 33.919310;-84.347590 33.919590
-84.348220 33.918960;-84.347890 33.919310
-84.348450 33.918840;-84.348220 33.918960
-84.348450 33.918840;-84.348740 33.918760
-84.348740 33.918760;-84.349180 33.918730
-84.349180 33.918730;-84.349560 33.918750
-84.349560 33.918750;-84.349960 33.918810
-84.349960 33.918810;-84.350620 33.918870
-84.356990 33.918850;-84.353550 33.918900
-84.357740 33.918850;-84.356990 33.918850
-84.357960 33.918850;-84.357740 33.918850
-84.357960 33.918850;-84.359940 33.918960
-84.360550 33.918960;-84.359940 33.918960
-84.363720 33.918930;-84.360550 33.918960
-84.364110 33.918930;-84.363720 33.918930
-84.379230 33.922810;-84.379180 33.924040
-84.379240 33.922090;-84.379230 33.922810
-84.379090 33.920060;-84.379240 33.922090
-84.379060 33.919080;-84.379090 33.920060
-84.345430 33.920590;-84.345300 33.920620
-84.345300 33.920620;-84.345040 33.920640
-84.345040 33.920640;-84.344330 33.920640
-84.347950 33.970170;-84.344420 33.977290
-84.348220 33.969470;-84.347950 33.970170
-84.350520 33.965350;-84.348220 33.969470
-84.352330 33.962740;-84.350520 33.965350
-84.354390 33.959920;-84.352330 33.962740
-84.355210 33.958710;-84.354390 33.959920
-84.357240 33.954850;-84.356320 33.956850
-84.357570 33.953830;-84.357240 33.954850
-84.357680 33.953220;-84.357570 33.953830
-84.357800 33.952380;-84.357680 33.953220
-84.357880 33.951690;-84.357800 33.952380
-84.357950 33.950530;-84.357880 33.951690
-84.358040 33.950370;-84.357950 33.950530
-84.358170 33.949280;-84.358040 33.950370
-84.358210 33.948840;-84.358170 33.949280
-84.358270 33.947710;-84.358210 33.948840
-84.358340 33.945970;-84.358270 33.947710
-84.358360 33.945340;-84.358340 33.945970
-84.358350 33.944920;-84.358360 33.945340
-84.358300 33.944670;-84.358350 33.944920
-84.358250 33.944520;-84.358300 33.944670
-84.358130 33.944310;-84.358250 33.944520
-84.357950 33.944110;-84.358130 33.944310
-84.357610 33.943880;-84.357950 33.944110
-84.357340 33.943780;-84.357610 33.943880
-84.357060 33.943720;-84.357340 33.943780
-84.356900 33.943710;-84.357060 33.943720
-84.356670 33.943700;-84.356900 33.943710
-84.356010 33.943750;-84.355910 33.943800
-84.355910 33.943800;-84.355890 33.943890
-84.355890 33.943890;-84.356000 33.943960
-84.356000 33.943960;-84.356180 33.943970
-84.356180 33.943970;-84.357050 33.943960
-84.357050 33.943960;-84.357240 33.943970
-84.357240 33.943970;-84.357380 33.944080
-84.357380 33.944080;-84.357420 33.944190
-84.357420 33.944190;-84.357420 33.944300
-84.357390 33.945690;-84.357410 33.946300
-84.357410 33.946300;-84.357450 33.946670
-84.357450 33.946670;-84.357530 33.947250
-84.357600 33.947900;-84.357610 33.948210
-84.357610 33.948210;-84.357640 33.949040
-84.357640 33.949040;-84.357620 33.949900
-84.357620 33.950580;-84.357560 33.951640
-84.357560 33.951640;-84.357610 33.951760
-84.357610 33.951760;-84.357560 33.952360
-84.357560 33.952360;-84.357420 33.953250
-84.357420 33.953250;-84.357320 33.953810
-84.357320 33.953810;-84.357190 33.954240
-84.357190 33.954240;-84.356980 33.954760
-84.356980 33.954760;-84.356720 33.955280
-84.356720 33.955280;-84.356000 33.956920
-84.356000 33.956920;-84.355010 33.958620
-84.355010 33.958620;-84.354170 33.959810
-84.354170 33.959810;-84.352110 33.962650
-84.350310 33.965260;-84.348020 33.969410
-84.348020 33.969410;-84.347750 33.970080
-84.347750 33.970080;-84.344160 33.977200
-84.344160 33.977200;-84.341980 33.981570
-84.341980 33.981570;-84.341640 33.982240
-84.341640 33.982240;-84.341380 33.982790
-84.341090 33.983200;-84.341380 33.982790
-84.340970 33.983310;-84.341090 33.983200
-84.340680 33.983440;-84.340970 33.983310
-84.340520 33.983460;-84.340680 33.983440
-84.340350 33.983430;-84.340520 33.983460
-84.340190 33.983340;-84.340350 33.983430
-84.340100 33.983260;-84.340190 33.983340
-84.340060 33.983140;-84.340100 33.983260
-84.340040 33.983020;-84.340060 33.983140
-84.340090 33.982880;-84.340040 33.983020
-84.340350 33.982530;-84.340090 33.982880
-84.340550 33.982380;-84.340350 33.982530
-84.340740 33.982300;-84.340550 33.982380
-84.341170 33.982210;-84.340740 33.982300
-84.341640 33.982240;-84.341170 33.982210
-84.341930 33.982240;-84.341640 33.982240
-84.342710 33.982160;-84.341930 33.982240
-84.342710 33.982160;-84.342790 33.982410
-84.342790 33.982410;-84.342710 33.982670
-84.342710 33.982670;-84.341710 33.983960
-84.341710 33.983960;-84.341540 33.984240
-84.341540 33.984240;-84.341430 33.984480
-84.341430 33.984480;-84.341320 33.984790
-84.341320 33.984790;-84.341320 33.984970
-84.341320 33.984970;-84.341530 33.986130
-84.341530 33.986130;-84.341610 33.986740
-84.341610 33.986740;-84.341610 33.986990
-84.341610 33.986990;-84.341550 33.987230
-84.341550 33.987230;-84.341290 33.987670
-84.341290 33.987670;-84.341220 33.988000
-84.341220 33.988000;-84.341250 33.988290
-84.341250 33.988290;-84.341370 33.988600
-84.341370 33.988600;-84.341550 33.988940
-84.341550 33.988940;-84.341710 33.989150
-84.341710 33.989150;-84.341900 33.989360
-84.342220 33.989700;-84.342430 33.989870
-84.342430 33.989870;-84.342710 33.990050
-84.342710 33.990050;-84.342970 33.990170
-84.342970 33.990170;-84.343420 33.990420
-84.343420 33.990420;-84.343880 33.990670
-84.343880 33.990670;-84.344960 33.991470
-84.344960 33.991470;-84.345820 33.992170
-84.345820 33.992170;-84.346120 33.992390
-84.346120 33.992390;-84.346450 33.992600
-84.346450 33.992600;-84.347420 33.993320
-84.347420 33.993320;-84.347780 33.993640
-84.347780 33.993640;-84.348740 33.994630
-84.348740 33.994630;-84.349770 33.996080
-84.349770 33.996080;-84.350180 33.996670
-84.350180 33.996670;-84.350440 33.997090
-84.350440 33.997090;-84.350600 33.997180
-84.350600 33.997180;-84.350760 33.997210
-84.343660 33.979130;-84.343550 33.979540
-84.343550 33.979540;-84.343520 33.980030
-84.343520 33.980030;-84.343550 33.980270
-84.343670 33.980850;-84.343720 33.981200
-84.343720 33.981200;-84.343700 33.981380
-84.343700 33.981380;-84.343640 33.981510
-84.343640 33.981510;-84.343490 33.981750
-84.343490 33.981750;-84.343140 33.982120
-84.343140 33.982120;-84.342900 33.982440
-84.342900 33.982440;-84.342710 33.982670
-84.350860 33.996470;-84.350760 33.997210
-84.351510 33.992700;-84.350860 33.996470
-84.351570 33.992410;-84.351510 33.992700
-84.351610 33.992120;-84.351570 33.992410
-84.351680 33.991670;-84.351610 33.992120
-84.351750 33.991200;-84.351680 33.991670
-84.351750 33.990390;-84.351750 33.991200
-84.351700 33.989720;-84.351750 33.990390
-84.351390 33.988600;-84.351520 33.989010
-84.351280 33.988310;-84.351390 33.988600
-84.351160 33.987990;-84.351280 33.988310
-84.350640 33.985980;-84.351160 33.987990
-84.350410 33.984020;-84.350640 33.985980
-84.350310 33.982710;-84.350410 33.984020
-84.350250 33.981390;-84.350310 33.982710
-84.350240 33.980970;-84.350250 33.981390
-84.350480 33.979810;-84.350280 33.980510
-84.350860 33.978870;-84.350480 33.979810
-84.351790 33.976790;-84.350860 33.978870
-84.352080 33.976260;-84.351790 33.976790
-84.352300 33.975890;-84.352080 33.976260
-84.352430 33.975770;-84.352300 33.975890
-84.352950 33.975420;-84.352430 33.975770
-84.353850 33.974980;-84.352950 33.975420
-84.354390 33.974760;-84.353990 33.974910
-84.354930 33.974520;-84.354390 33.974760
-84.355550 33.974260;-84.354930 33.974520
-84.357060 33.973590;-84.355550 33.974260
-84.357540 33.973140;-84.357060 33.973590
-84.357800 33.972820;-84.357540 33.973140
-84.358410 33.971760;-84.357800 33.972820
-84.358700 33.971330;-84.358410 33.971760
-84.359180 33.970830;-84.358700 33.971330
-84.359880 33.970110;-84.359180 33.970830
-84.360700 33.969300;-84.359880 33.970110
-84.361210 33.968660;-84.360700 33.969300
-84.361990 33.967490;-84.361210 33.968660
-84.363580 33.965160;-84.361990 33.967490
-84.363780 33.964860;-84.363580 33.965160
-84.364490 33.964050;-84.363780 33.964860
-84.364820 33.963610;-84.364490 33.964050
-84.365080 33.963230;-84.364820 33.963610
-84.365350 33.962880;-84.365080 33.963230
-84.365420 33.962750;-84.365350 33.962880
-84.365620 33.962250;-84.365420 33.962750
-84.365720 33.961870;-84.365620 33.962250
-84.365740 33.961350;-84.365720 33.961870
-84.365230 33.958940;-84.365480 33.959910
-84.365080 33.958100;-84.365230 33.958940
-84.364910 33.957400;-84.365080 33.958100
-84.364650 33.956630;-84.364910 33.957400
-84.364580 33.956180;-84.364650 33.956630
-84.364530 33.955810;-84.364580 33.956180
-84.364590 33.955550;-84.364530 33.955810
-84.364670 33.955280;-84.364590 33.955550
-84.364880 33.954790;-84.364670 33.955280
-84.365100 33.954500;-84.364880 33.954790
-84.365550 33.954030;-84.365100 33.954500
-84.366420 33.953380;-84.365550 33.954030
-84.366710 33.953130;-84.366420 33.953380
-84.366910 33.952880;-84.366710 33.953130
-84.367750 33.951540;-84.366910 33.952880
-84.368010 33.951140;-84.367750 33.951540
-84.368930 33.950240;-84.368300 33.950840
-84.369400 33.949890;-84.368930 33.950240
-84.369670 33.949680;-84.369400 33.949890
-84.370010 33.949390;-84.369670 33.949680
-84.370240 33.949160;-84.370010 33.949390
-84.370390 33.948930;-84.370240 33.949160
-84.370640 33.948550;-84.370390 33.948930
-84.370820 33.947740;-84.370640 33.948550
-84.370900 33.947280;-84.370820 33.947740
-84.370930 33.946900;-84.370900 33.947280
-84.370970 33.946580;-84.370930 33.946900
-84.371080 33.946170;-84.370970 33.946580
-84.371800 33.944690;-84.371080 33.946170
-84.372060 33.943950;-84.371800 33.944690
-84.372210 33.943680;-84.372060 33.943950
-84.372450 33.943270;-84.372210 33.943680
-84.372860 33.942690;-84.372450 33.943270
-84.373230 33.942260;-84.372860 33.942690
-84.376050 33.939440;-84.373230 33.942260
-84.377430 33.938100;-84.376050 33.939440
-84.377850 33.937560;-84.377430 33.938100
-84.378140 33.937190;-84.377850 33.937560
-84.378400 33.936830;-84.378140 33.937190
-84.379030 33.935990;-84.378400 33.936830
-84.379390 33.935350;-84.379030 33.935990
-84.379780 33.934400;-84.379390 33.935350
-84.379790 33.934330;-84.379780 33.934400
-84.380110 33.932850;-84.379790 33.934330
-84.380130 33.932190;-84.380140 33.932500
-84.380070 33.931880;-84.380130 33.932190
-84.379530 33.930470;-84.380070 33.931880
-84.379300 33.929720;-84.379530 33.930470
-84.379240 33.929320;-84.379300 33.929720
-84.379240 33.929060;-84.379240 33.929320
-84.379200 33.928410;-84.379240 33.929060
-84.379120 33.926730;-84.379200 33.928410
-84.379180 33.925110;-84.379120 33.926730
-84.379180 33.924040;-84.379180 33.925110
-84.376630 33.919050;-84.379060 33.919080
-84.376630 33.919050;-84.375550 33.919050
-84.371640 33.919010;-84.373990 33.919040
-84.367920 33.918980;-84.371640 33.919010
-84.367920 33.918980;-84.367520 33.918980
-84.365720 33.918960;-84.367520 33.918980
-84.364720 33.918950;-84.365720 33.918960
-84.364110 33.918930;-84.364720 33.918950
-84.344040 33.982030;-84.343490 33.982090
-84.349110 33.981600;-84.347320 33.981740
-84.349440 33.981540;-84.349110 33.981600
-84.350250 33.981390;-84.349440 33.981540
-84.350860 33.996470;-84.350620 33.996680
-84.350620 33.996680;-84.350430 33.996720
-84.350430 33.996720;-84.350180 33.996670
-84.380140 33.932500;-84.380110 33.932850
-84.357420 33.944300;-84.357390 33.945690
-84.356670 33.943700;-84.356460 33.943730
-84.357620 33.949900;-84.357620 33.950580
-84.344420 33.977290;-84.343660 33.979130
-84.343550 33.980270;-84.343670 33.980850
-84.341900 33.989360;-84.342220 33.989700
-84.343110 33.982280;-84.342900 33.982440
-84.343490 33.982090;-84.343110 33.982280
-84.353990 33.974910;-84.353850 33.974980
-84.365720 33.960940;-84.365740 33.961350
-84.365480 33.959910;-84.365720 33.960940
-84.368300 33.950840;-84.368010 33.951140
-84.373990 33.919040;-84.375550 33.919050
-84.346900 33.920209;-84.346810 33.920269
-84.346990 33.920149;-84.346900 33.920209
-84.345300 33.920619;-84.345040 33.920639
-84.346809 33.920269;-84.346719 33.920320
-84.346719 33.920320;-84.346629 33.920370
-84.344330 33.920640;-84.344322 33.920844
-84.344322 33.920844;-84.344344 33.921130
-84.344344 33.921130;-84.344638 33.921130
-84.344638 33.921130;-84.344638 33.920871
-84.344638 33.920871;-84.344322 33.920844
-84.345039 33.920639;-84.344329 33.920640
-84.347320 33.981740;-84.345494 33.981901
-84.345494 33.981901;-84.344039 33.982030
-84.379000 33.919129;-84.378980 33.920069
-84.378980 33.920069;-84.379158 33.922181
-84.379158 33.922181;-84.379170 33.922909
-84.379170 33.922909;-84.379099 33.924129
-84.379099 33.924129;-84.379080 33.925129
-84.364000 33.918989;-84.363430 33.918980
-84.363430 33.918980;-84.360550 33.918959
-84.357930 33.918910;-84.359939 33.918960
-84.357930 33.918910;-84.357760 33.918910
-84.357760 33.918910;-84.356980 33.918910
-84.356980 33.918910;-84.353550 33.918900
-84.351279 33.918940;-84.353550 33.918900
-84.350439 33.918939;-84.351279 33.918940
-84.350240 33.918920;-84.350439 33.918939
-84.349450 33.918819;-84.350240 33.918920
-84.348859 33.918810;-84.349450 33.918819
-84.348859 33.918810;-84.348569 33.918859
-84.348569 33.918859;-84.348090 33.919089
-84.348090 33.919089;-84.347890 33.919310
-84.376629 33.919050;-84.379000 33.919129
-84.379080 33.925129;-84.379119 33.926730
-84.367919 33.918980;-84.371639 33.919010
-84.367919 33.918980;-84.367520 33.918979
-84.364910 33.918999;-84.365720 33.918959
-84.364000 33.918989;-84.364910 33.918999
