-84.50259 33.58028;-84.5033 33.58072;-84.50426 33.58136;-84.50513 33.58194;-84.50656 33.58275;-84.50797 33.58324;-84.50906 33.58356;-84.51024 33.58388;-84.51054 33.58395;-84.51149 33.5842;-84.51202 33.58435;-84.51262 33.58449;-84.51312 33.58467;-84.51337 33.58476;-84.51366 33.58487;-84.51443 33.58525;-84.51489 33.58548;-84.51596 33.58615;-84.51595 33.58681;-84.51591 33.58774;-84.513712 33.587731;-84.51288 33.58772
-84.51288 33.58772;-84.512766 33.586828;-84.511443 33.587099;-84.5116 33.58797;-84.51196 33.58786;-84.51288 33.58772
-84.499919 33.579298;-84.502024 33.579994;-84.502589 33.58028
-84.49423 33.5807;-84.49565 33.57962;-84.49628 33.57918;-84.49689 33.57883;-84.49741 33.57863;-84.49802 33.57867;-84.49837 33.57872;-84.49866 33.57878;-84.49933 33.57901;-84.49992 33.5793
-84.492797 33.581742;-84.494226 33.580702
-84.492797 33.581742;-84.4928 33.58174
-84.492796 33.581742;-84.492797 33.581742
-84.49059 33.57144;-84.491868 33.571662
-84.49059 33.57144;-84.49059 33.57144
-84.490587 33.57144;-84.49059 33.57144
-84.48981 33.57364;-84.49017 33.573;-84.49023 33.57271;-84.49039 33.57204;-84.49059 33.57144
-84.48981 33.57364;-84.49037 33.5739;-84.4915 33.57379;-84.49219 33.57359;-84.49222 33.57356;-84.49242 33.57344;-84.49266 33.57288;-84.4926 33.57237;-84.4922 33.57181;-84.49187 33.57166
-84.48727 33.58286;-84.48795 33.58261;-84.48845 33.58253;-84.48898 33.5825;-84.49005 33.58244;-84.49132 33.58231;-84.49199 33.58211;-84.492797 33.581742
-84.48714 33.58258;-84.48727 33.58286
-84.48981 33.57364;-84.48952 33.5741;-84.48943 33.57445;-84.48935 33.57489;-84.48926 33.57547;-84.48914 33.57588;-84.48894 33.57634;-84.4883 33.57706;-84.48732 33.57819;-84.48717 33.57861;-84.4873 33.57993;-84.48724 33.58046;-84.48703 33.5811;-84.48698 33.58168;-84.48701 33.58206;-84.48714 33.58258
-84.48691 33.58298;-84.48727 33.58286
-84.48691 33.58298;-84.48706 33.58278;-84.48714 33.58258
-84.4803 33.5858;-84.48398 33.58405;-84.48581 33.58336;-84.48691 33.58298
-84.47684 33.5881;-84.47729 33.58783;-84.47876 33.58688;-84.47929 33.58647;-84.47969 33.58617;-84.4801 33.58591;-84.4803 33.5858
-84.47684 33.5881;-84.47688 33.5883;-84.47717 33.58858;-84.4776 33.58945;-84.47774 33.5898;-84.47784 33.59003;-84.47832 33.5905;-84.47864 33.5907;-84.47881 33.591;-84.47891 33.59134;-84.4789 33.59174;-84.48018 33.59177;-84.48167 33.5918;-84.48166 33.59111;-84.48151 33.59085;-84.48125 33.59061;-84.48195 33.59;-84.48218 33.58978;-84.48219 33.58937;-84.48225 33.58853;-84.48218 33.58789;-84.48216 33.58762;-84.48209 33.58719;-84.48183 33.58659;-84.48149 33.58661;-84.48103 33.58649;-84.4808 33.58635;-84.4803 33.5858
-84.474329 33.62476;-84.47433 33.62476
-84.474329 33.62476;-84.474329 33.62476
-84.474318 33.621666;-84.474427 33.621979
-84.4743 33.622959;-84.4743 33.622959
-84.4743 33.622959;-84.4743 33.62296
-84.474259 33.623399;-84.4743 33.622959
-84.47443 33.62198;-84.47449 33.62244;-84.47449 33.622759;-84.474439 33.62318;-84.474259 33.624039;-84.474329 33.62476
-84.474256 33.623403;-84.474257 33.624038
-84.47385 33.62064;-84.47394 33.62082;-84.47401 33.62096;-84.47417 33.62126;-84.47432 33.62166
-84.473687 33.620306;-84.473774 33.620476;-84.47385 33.620646
-84.47362 33.62064;-84.47371 33.62082;-84.47377 33.62096;-84.47392 33.62125;-84.47401 33.62148;-84.47423 33.62207;-84.47429 33.62247;-84.4743 33.622959
-84.473459 33.620306;-84.473546 33.620476;-84.473622 33.620646
-84.47298 33.618821;-84.47339 33.619689;-84.47353 33.61996;-84.47362 33.62016;-84.473689 33.6203
-84.47298 33.618821;-84.47301 33.619189;-84.47316 33.61961;-84.47331 33.61996;-84.4734 33.62016;-84.47346 33.6203
-84.472979 33.618819;-84.47298 33.618821
-84.471179 33.600039;-84.47118 33.60004
-84.471179 33.600039;-84.47118 33.600039
-84.47038 33.59863;-84.471179 33.600039
-84.469149 33.596514;-84.470378 33.598634
-84.46915 33.59651;-84.46864 33.59569;-84.46857 33.5954;-84.46848 33.59465;-84.46838 33.59381;-84.4684 33.59332;-84.46846 33.59175;-84.46861 33.59093;-84.46904 33.58859;-84.47105 33.58881;-84.47464 33.58917;-84.47505 33.58916;-84.47572 33.58876;-84.47684 33.5881
-84.46809 33.62468;-84.4716 33.62471;-84.47414 33.62473;-84.474329 33.62476
-84.46683 33.60292;-84.46683 33.60292
-84.466829 33.602919;-84.46683 33.60292
-84.46567 33.60355;-84.46693 33.60304;-84.46683 33.60292
-84.465372 33.603608;-84.465665 33.603554
-84.471179 33.600039;-84.46776 33.600099;-84.465239 33.59996;-84.46378 33.59993;-84.46448 33.60097;-84.466029 33.60228;-84.46683 33.60292
-84.4632 33.60445;-84.46361 33.60394;-84.46371 33.60385;-84.46397 33.60376;-84.465379 33.60361
-84.47298 33.618821;-84.47298 33.61882;-84.47295 33.61832;-84.47285 33.61635;-84.46902 33.61629;-84.46619 33.61626;-84.46419 33.61623;-84.46407 33.61623;-84.46318 33.61621;-84.46318 33.61388
-84.463169 33.612429;-84.46318 33.613399;-84.463179 33.61388
-84.463129 33.604869;-84.463169 33.604679;-84.4632 33.604449
-84.46317 33.61243;-84.46309 33.6089;-84.4631 33.60768;-84.46313 33.60587;-84.46313 33.60487
-84.459928 33.624649;-84.460647 33.624649;-84.46194 33.62466;-84.463687 33.624669;-84.46587 33.62468;-84.46692 33.62468;-84.467931 33.62468;-84.468089 33.62468
-84.459927 33.624649;-84.459928 33.624649
-84.45802 33.62627;-84.45808 33.62541;-84.45824 33.62511;-84.45854 33.62465;-84.459928 33.624649
-84.458019 33.62627;-84.458033 33.627393;-84.45804 33.62805;-84.45802 33.62923
-84.457975 33.63939;-84.458016 33.629228
-84.45282 33.64345;-84.45508 33.64171;-84.45602 33.64095;-84.45798 33.63939
-84.452819 33.64345;-84.451249 33.644649;-84.45091 33.64503;-84.45076 33.64522;-84.45068 33.64531;-84.45032 33.64581;-84.45013 33.64597;-84.44986 33.64618;-84.44963 33.64639;-84.44949 33.64655;-84.44925 33.64693;-84.44917 33.64714;-84.44916 33.647319;-84.449189 33.6476
-84.44817 33.64917;-84.44823 33.64954;-84.44835 33.64983;-84.4485 33.65092;-84.44843 33.65131
-84.44815 33.648029;-84.4483 33.647919;-84.44862 33.64777;-84.44919 33.6476
-84.44817 33.649169;-84.448089 33.649019;-84.44798 33.6489;-84.44763 33.64864;-84.44788 33.64832;-84.44815 33.64803  
