-84.3044 33.72568;-84.3043 33.72568;-84.3042 33.72568;-84.30409 33.72568;-84.30379 33.72571;-84.30288 33.72579;-84.30223 33.72585;-84.30188 33.72588;-84.30132 33.72593;-84.3014 33.72323;-84.30146 33.72039;-84.301469 33.72021;-84.301479 33.72012
-84.31009 33.7195;-84.31023 33.71959;-84.31031 33.71964;-84.31034 33.7196;-84.31036 33.71955
-84.309909 33.71938;-84.309999 33.719439;-84.310089 33.719499
-84.30969 33.71528;-84.30979 33.7153;-84.30989 33.71532;-84.30999 33.71534;-84.31018 33.71536;-84.31045 33.7154;-84.31046 33.71587;-84.31044 33.71613;-84.31043 33.71657;-84.31042 33.7174;-84.31041 33.71793;-84.3104 33.71834;-84.31039 33.71906
-84.3092 33.71512;-84.3093 33.71515;-84.3094 33.71519;-84.309489 33.71522;-84.309589 33.715249;-84.30969 33.715279
-84.30917 33.71882;-84.30925 33.71889;-84.30933 33.71895;-84.30941 33.71901;-84.30949 33.71908;-84.30958 33.71914;-84.30966 33.7192;-84.30974 33.71926;-84.30983 33.71932;-84.30991 33.71938
-84.30902 33.7187;-84.30917 33.71882
-84.30882 33.714959;-84.309109 33.715079;-84.3092 33.715119
-84.308709 33.718289;-84.308839 33.718489;-84.30891 33.718579;-84.30902 33.718699
-84.308129 33.71478;-84.308229 33.714789;-84.308329 33.714819;-84.30843 33.71484;-84.30852 33.71486;-84.30862 33.71489;-84.30872 33.71492;-84.30882 33.71496
-84.30792 33.71475;-84.30802 33.71476;-84.30813 33.71478
-84.30791 33.72241;-84.30791 33.72158;-84.30791 33.72147;-84.30792 33.72137;-84.30793 33.72126;-84.30795 33.72116;-84.30797 33.72105;-84.308 33.72095;-84.3081 33.72067;-84.30822 33.72038;-84.30841 33.71989;-84.30848 33.71971;-84.30852 33.71961;-84.30857 33.71952;-84.30863 33.71943;-84.30869 33.71934;-84.308749 33.719259;-84.30882 33.71917;-84.30889 33.7191;-84.30917 33.71882
-84.307899 33.723499;-84.307905 33.722906;-84.307909 33.72241
-84.30762 33.714719;-84.30772 33.714729;-84.307819 33.714729;-84.307919 33.714749
-84.30673 33.72575;-84.3079 33.72579;-84.3079 33.72544;-84.3079 33.724719;-84.3079 33.72386;-84.3079 33.7235
-84.30577 33.71545;-84.30595 33.71567;-84.30609 33.71583;-84.30665 33.71633;-84.30812 33.71763;-84.3082 33.71769;-84.30827 33.71776;-84.30835 33.71783;-84.30842 33.7179;-84.30848 33.71797;-84.30854 33.71805;-84.3086 33.71813;-84.30866 33.71821;-84.30871 33.71829
-84.305429 33.71505;-84.305639 33.715329;-84.305769 33.715449
-84.30543 33.71505;-84.30521 33.71463;-84.3053 33.71462;-84.30539 33.71461;-84.30547 33.71461;-84.30556 33.71461;-84.30565 33.71461;-84.30661 33.71466;-84.30762 33.71472
-84.3046 33.72569;-84.3047 33.7257;-84.30518 33.72572;-84.30549 33.72573;-84.30615 33.725739;-84.306729 33.72575
-84.3044 33.725679;-84.304499 33.72568;-84.304599 33.725689
-84.301619 33.719769;-84.301719 33.719629;-84.30177 33.719549
-84.30148 33.72012;-84.3015 33.72003;-84.30153 33.71994;-84.30157 33.71985;-84.30162 33.71977
-84.310359 33.719549;-84.310369 33.719499;-84.310389 33.71906
-84.29794 33.7199;-84.29842 33.71969;-84.29852 33.71964;-84.29862 33.7196;-84.29872 33.71956;-84.29882 33.71952;-84.29892 33.71949;-84.29902 33.71946;-84.29929 33.71936;-84.29952 33.71928;-84.29981 33.71919;-84.29992 33.71917;-84.30002 33.71915;-84.30013 33.71913;-84.30023 33.71912;-84.30034 33.71911;-84.30044 33.71911;-84.30054 33.71911;-84.30064 33.71911;-84.30073 33.71912;-84.30083 33.71913;-84.30093 33.71914;-84.3011 33.71917;-84.30125 33.71921;-84.30156 33.71931;-84.30185 33.7194;-84.30181 33.71948;-84.30177 33.71955
-84.297439 33.720149;-84.29773 33.720009;-84.297939 33.7199
-84.29403 33.72325;-84.29412 33.72309;-84.29423 33.7229;-84.2943 33.72279;-84.29437 33.72268;-84.29449 33.72251;-84.29469 33.72226;-84.29481 33.72212;-84.29494 33.722;-84.29501 33.72194;-84.2956 33.72146;-84.29628 33.72092;-84.29655 33.72071;-84.29669 33.72061;-84.29691 33.72047;-84.29709 33.72036;-84.29724 33.72027;-84.29744 33.72015
-84.293599 33.72323;-84.293949 33.723239;-84.293999 33.723239;-84.29403 33.723249
-84.293599 33.72323;-84.2936 33.72323
-84.290829 33.723229;-84.29166 33.72323;-84.29232 33.72323;-84.29295 33.72323;-84.293599 33.72323
-84.290829 33.723229;-84.29083 33.723169
-84.290829 33.72519;-84.290829 33.724229;-84.290829 33.723229
-84.28449 33.72523;-84.28453 33.72523;-84.28463 33.72523;-84.28495 33.72523;-84.28547 33.72522;-84.28605 33.72522;-84.28787 33.72521;-84.28964 33.7252;-84.29083 33.72519
-84.284379 33.7252;-84.284449 33.72522;-84.284489 33.72523
-84.284379 33.7252;-84.28438 33.7252
-84.28289 33.723619;-84.282969 33.723549;-84.28305 33.723479
-84.284379 33.7252;-84.28433 33.7252;-84.2843 33.72519;-84.28362 33.72512;-84.28351 33.7251;-84.28341 33.72508;-84.28331 33.72505;-84.28322 33.72502;-84.28312 33.72497;-84.28303 33.72492;-84.28294 33.72486;-84.28286 33.7248;-84.28221 33.72417;-84.28289 33.72362
-84.28136 33.72101;-84.28226 33.72123;-84.2824 33.72127;-84.28246 33.72129;-84.28255 33.72134;-84.28262 33.72139;-84.28268 33.72146;-84.28273 33.72154;-84.28276 33.72163;-84.28277 33.72172;-84.28277 33.72178;-84.28276 33.72181;-84.28274 33.72186;-84.28264 33.72209;-84.2837 33.72245;-84.28366 33.72253;-84.2835 33.72282;-84.28337 33.72305;-84.28332 33.72314;-84.28326 33.72323;-84.28319 33.72331;-84.28312 33.7234;-84.28305 33.72348
-84.278929 33.7204;-84.279029 33.720429;-84.27986 33.720639;-84.28136 33.721009
-84.27833 33.72034;-84.27843 33.72034;-84.27853 33.72034;-84.27863 33.72035;-84.27873 33.72036;-84.27883 33.72038;-84.27893 33.7204
-84.273539 33.720349;-84.273639 33.720349;-84.273739 33.720359;-84.27384 33.72037;-84.27393 33.72039;-84.27403 33.72041;-84.27413 33.72043;-84.27422 33.72045;-84.27432 33.72048;-84.2744 33.72051;-84.27449 33.72053;-84.27457 33.72057;-84.27466 33.7206;-84.27474 33.72064;-84.27482 33.72069;-84.27513 33.72087;-84.27525 33.72075;-84.27536 33.72065;-84.27544 33.7206;-84.27553 33.72055;-84.27561 33.7205;-84.27569 33.72046;-84.27578 33.72042;-84.27587 33.72038;-84.27596 33.72035;-84.27605 33.72032;-84.27615 33.72029;-84.27652 33.72017;-84.27665 33.72047;-84.27687 33.72043;-84.27798 33.720369;-84.278329 33.72034
-84.26732 33.72037;-84.26742 33.72034;-84.26753 33.72032;-84.26763 33.7203;-84.26774 33.72029;-84.26804 33.72026;-84.27007 33.72028;-84.2714 33.72031;-84.27315 33.72034;-84.27335 33.72034;-84.27344 33.72034;-84.27354 33.72035
-84.26664 33.72077;-84.26679 33.72066;-84.26704 33.7205;-84.26713 33.72045;-84.267229 33.720409;-84.26732 33.720369
-84.263379 33.72157;-84.26341 33.720499;-84.264379 33.720409;-84.264669 33.72039;-84.264809 33.720389;-84.26492 33.7204;-84.265019 33.72041;-84.265129 33.72042;-84.265229 33.720439;-84.265329 33.720459;-84.26544 33.72048;-84.265539 33.720509;-84.266299 33.72067;-84.266639 33.72077
-84.263379 33.72157;-84.26338 33.72157
-84.263379 33.72157;-84.263379 33.72157
-84.26259 33.72157;-84.26295 33.72156;-84.263379 33.72157
-84.26221 33.721589;-84.262359 33.721579;-84.26259 33.721569
-84.25939 33.72187;-84.2595 33.72184;-84.25975 33.72181;-84.26028 33.72177;-84.2612 33.72169;-84.26221 33.72159
-84.25924 33.723929;-84.259249 33.723829;-84.259259 33.723729
-84.259199 33.721969;-84.25929 33.721909;-84.259389 33.721869
-84.25926 33.72373;-84.2592 33.72339;-84.25919 33.72335;-84.25918 33.72331;-84.25916 33.72328;-84.25913 33.72325;-84.2591 33.72322;-84.25906 33.7232;-84.25902 33.72316;-84.25898 33.72311;-84.25896 33.72306;-84.25895 33.723;-84.25894 33.72274;-84.25894 33.72253;-84.25896 33.72238;-84.25898 33.72229;-84.25901 33.7222;-84.25906 33.72212;-84.25912 33.72204;-84.2592 33.72197
-84.25814 33.72675;-84.25813 33.72597;-84.2595 33.72595;-84.25948 33.72573;-84.25944 33.72529;-84.25941 33.72515;-84.25932 33.72473;-84.2593 33.72463;-84.25928 33.72453;-84.25926 33.72443;-84.25925 33.72433;-84.25924 33.72423;-84.25924 33.72413;-84.25924 33.72403;-84.25924 33.72393
-84.258099 33.727039;-84.25812 33.726939;-84.258139 33.726849;-84.258139 33.72675
-84.258019 33.76264;-84.25802 33.762639
-84.258019 33.76264;-84.25802 33.76264
-84.256859 33.76367;-84.257019 33.76353;-84.258019 33.76264
-84.25379 33.73147;-84.25425 33.73148;-84.25545 33.7315;-84.25576 33.73151;-84.25655 33.73152;-84.2573 33.73151;-84.25731 33.73141;-84.25731 33.73126;-84.25731 33.73032;-84.25731 33.72849;-84.25731 33.7283;-84.25732 33.72817;-84.25735 33.72805;-84.25739 33.72798;-84.25746 33.72788;-84.257529 33.727809;-84.2578 33.72751;-84.25786 33.72745;-84.25792 33.72738;-84.25798 33.7273;-84.25803 33.72722;-84.25807 33.72713;-84.2581 33.72704
-84.25254 33.76745;-84.25279 33.76722;-84.254 33.76616;-84.25425 33.76594;-84.25496 33.76531;-84.25512 33.76517;-84.25528 33.76503;-84.25543 33.76489;-84.25559 33.76476;-84.25575 33.76462;-84.25598 33.76441;-84.25622 33.76421;-84.25646 33.76401;-84.2567 33.7638;-84.25686 33.76367
-84.25215 33.73842;-84.2522 33.73849;-84.25238 33.73878;-84.25243 33.73888;-84.25248 33.73897;-84.25253 33.73906;-84.25258 33.73916;-84.25262 33.73925;-84.25266 33.73935;-84.252779 33.739599;-84.253019 33.740129
-84.252119 33.76789;-84.25237 33.767609;-84.252539 33.76745
-84.25215 33.738419;-84.252109 33.738339;-84.25207 33.73825;-84.25204 33.738169;-84.25202 33.73808;-84.25199 33.73793;-84.25202 33.73628;-84.25206 33.73472;-84.2521 33.73321;-84.25214 33.732;-84.25215 33.73149;-84.25318 33.73147;-84.253439 33.73147;-84.25379 33.731469
-84.25196 33.74682;-84.25242 33.74582;-84.25284 33.74488;-84.25297 33.7446;-84.25304 33.74443;-84.25308 33.74431;-84.25311 33.74417;-84.25313 33.74402;-84.25314 33.74386;-84.25314 33.7436;-84.25315 33.7431;-84.25317 33.74269;-84.25321 33.74199;-84.25321 33.74169;-84.25321 33.74148;-84.25322 33.74131;-84.25324 33.7411;-84.25324 33.74097;-84.25324 33.74084;-84.25325 33.74069;-84.25302 33.74013
-84.251792 33.772281;-84.251835 33.77288;-84.25277 33.772872;-84.252793 33.772308;-84.251792 33.772281
-84.25158 33.76134;-84.25185 33.76133;-84.25205 33.76134;-84.25217 33.76134;-84.25244 33.76135;-84.25276 33.76137;-84.2531 33.76141;-84.25341 33.76144;-84.2544 33.76159;-84.25544 33.76174;-84.25605 33.76188;-84.25641 33.76197;-84.25682 33.76208;-84.25713 33.76218;-84.25743 33.76231;-84.25772 33.76245;-84.25791 33.76256;-84.258019 33.76264
-84.25157 33.76857;-84.2517 33.76839;-84.25185 33.76821;-84.25199 33.76804;-84.25212 33.76789
-84.25145 33.77169;-84.25171 33.77169;-84.251792 33.772281
-84.25158 33.76134;-84.25158 33.76167;-84.25156 33.76238;-84.25154 33.76296;-84.25152 33.76386;-84.25151 33.76419;-84.25151 33.76443;-84.25151 33.7648;-84.25151 33.76494;-84.2515 33.76506;-84.25149 33.7652;-84.25148 33.7653;-84.251429 33.76546;-84.251439 33.76576
-84.25157 33.76857;-84.25152 33.76842;-84.25148 33.76827;-84.25145 33.76814;-84.25142 33.76799;-84.25139 33.76782;-84.25137 33.76757;-84.25137 33.76731;-84.25139 33.76696;-84.25143 33.76636;-84.25145 33.76606;-84.25144 33.76576
-84.25008 33.7537;-84.25017 33.75398;-84.25025 33.75423;-84.25028 33.75433;-84.25032 33.75442;-84.25036 33.75452;-84.2504 33.75462;-84.25045 33.75471;-84.2505 33.75481;-84.25054 33.7549;-84.25073 33.75525;-84.25142 33.75647;-84.25165 33.75689;-84.25162 33.75824;-84.25163 33.75831;-84.2516 33.7594;-84.2516 33.76037;-84.25158 33.76134
-84.25196 33.746819;-84.251789 33.747129;-84.25163 33.74742;-84.25137 33.7478;-84.25117 33.74809;-84.25092 33.74842;-84.25053 33.74895;-84.2501 33.74951;-84.24997 33.74968;-84.2499 33.74977;-84.24985 33.74986;-84.24979 33.74995;-84.24974 33.75004;-84.2497 33.75014;-84.24966 33.75024;-84.24962 33.75034;-84.24958 33.75049;-84.24956 33.75073;-84.24955 33.7514;-84.24956 33.7518;-84.24958 33.75194;-84.2496 33.75207;-84.24964 33.75227;-84.24994 33.753259;-84.25008 33.753699
-84.251449 33.77169;-84.251219 33.771699;-84.25101 33.77173;-84.25074 33.77176;-84.25041 33.77183;-84.24991 33.77193;-84.24943 33.77204;-84.24991 33.77124;-84.25123 33.76906;-84.25157 33.76857
