-84.387393 33.772308;-84.387361 33.773893
-84.371928 33.759386;-84.371928 33.759583
-84.382160 33.754430;-84.382130 33.755520
-84.380200 33.754410;-84.380190 33.755520
-84.384300 33.750520;-84.384220 33.750600
-84.385120 33.749760;-84.384740 33.750090
-84.385740 33.749180;-84.385120 33.749760
-84.386290 33.748670;-84.385740 33.749180
-84.386290 33.748670;-84.387330 33.749370
-84.387330 33.749370;-84.386930 33.749950
-84.386930 33.749950;-84.386490 33.750440
-84.386490 33.750440;-84.385990 33.750960
-84.372020 33.755450;-84.372010 33.755860
-84.372010 33.755860;-84.371980 33.757640
-84.383740 33.771300;-84.383420 33.771300
-84.383100 33.771290;-84.383420 33.771300
-84.383100 33.771290;-84.381870 33.771290
-84.381480 33.771270;-84.381870 33.771290
-84.381480 33.771270;-84.380390 33.771270
-84.376520 33.771240;-84.377780 33.771250
-84.376520 33.771240;-84.374750 33.771240
-84.372840 33.771190;-84.374750 33.771240
-84.371700 33.771180;-84.372840 33.771190
-84.371700 33.771180;-84.371650 33.771550
-84.370860 33.773610;-84.370830 33.774860
-84.370830 33.774860;-84.370820 33.775050
-84.370820 33.775050;-84.370720 33.775430
-84.370100 33.777400;-84.369830 33.778110
-84.369830 33.778110;-84.369730 33.778440
-84.369730 33.778440;-84.369550 33.778990
-84.369550 33.778990;-84.369380 33.779500
-84.369380 33.779500;-84.369000 33.780560
-84.369000 33.780560;-84.368770 33.781290
-84.379360 33.781750;-84.378050 33.781750
-84.378050 33.781750;-84.377640 33.781750
-84.377640 33.781750;-84.374920 33.781780
-84.374020 33.781770;-84.374920 33.781780
-84.374020 33.781770;-84.372820 33.781770
-84.371770 33.769940;-84.371700 33.771180
-84.371840 33.763930;-84.371830 33.764860
-84.371870 33.763210;-84.371840 33.763930
-84.371890 33.761930;-84.371870 33.763210
-84.371900 33.761320;-84.371890 33.761930
-84.371920 33.760220;-84.371900 33.761320
-84.371920 33.760090;-84.371920 33.760220
-84.371980 33.757640;-84.371930 33.759380
-84.371980 33.757640;-84.374250 33.757710
-84.373990 33.750600;-84.373470 33.750730
-84.374710 33.750520;-84.373990 33.750600
-84.380430 33.754200;-84.380200 33.754410
-84.383000 33.751770;-84.381960 33.752750
-84.384220 33.750600;-84.383000 33.751770
-84.383240 33.749920;-84.384220 33.750600
-84.382780 33.749800;-84.383060 33.749860
-84.382460 33.749790;-84.382780 33.749800
-84.382030 33.749790;-84.382460 33.749790
-84.381820 33.749770;-84.382030 33.749790
-84.385410 33.751460;-84.384140 33.752620
-84.384140 33.752620;-84.383360 33.753310
-84.383360 33.753310;-84.383130 33.753540
-84.383420 33.771300;-84.383350 33.772420
-84.379470 33.751530;-84.379520 33.752030
-84.379520 33.752030;-84.379530 33.752140
-84.379610 33.752530;-84.379710 33.752760
-84.385990 33.750960;-84.385410 33.751460
-84.383130 33.753540;-84.382160 33.754430
-84.383060 33.749860;-84.383240 33.749920
-84.381900 33.781750;-84.381520 33.781750
-84.382480 33.781750;-84.381900 33.781750
-84.384020 33.781750;-84.382480 33.781750
-84.384510 33.781750;-84.384020 33.781750
-84.384980 33.781630;-84.384510 33.781750
-84.384550 33.780790;-84.384980 33.781630
-84.385590 33.780760;-84.384550 33.780790
-84.385960 33.780760;-84.385590 33.780760
-84.385990 33.781510;-84.384980 33.781630
-84.371930 33.759580;-84.371920 33.760090
-84.383000 33.751770;-84.384140 33.752620
-84.383350 33.772420;-84.383220 33.773590
-84.371830 33.764860;-84.371909 33.766379
-84.371909 33.766379;-84.371889 33.767279
-84.371889 33.767279;-84.371890 33.767899
-84.371890 33.767899;-84.371869 33.768399
-84.371869 33.768399;-84.371859 33.768729
-84.371859 33.768729;-84.371769 33.769940
-84.371900 33.761320;-84.371840 33.763930
-84.386294 33.781506;-84.385989 33.781510
-84.387393 33.772308;-84.387390 33.772310
-84.383420 33.771300;-84.383100 33.771290
-84.381959 33.752750;-84.380950 33.753709
-84.384369 33.750449;-84.384299 33.750519
-84.384739 33.750090;-84.384369 33.750449
-84.380950 33.753709;-84.380429 33.754200
-84.379529 33.752140;-84.379579 33.752300
-84.379579 33.752300;-84.379610 33.752529
-84.379709 33.752759;-84.380950 33.753709
-84.380979 33.749760;-84.381820 33.749769
-84.380979 33.749760;-84.379470 33.749759
-84.386219 33.773800;-84.387359 33.773899
-84.384759 33.773689;-84.386219 33.773800
-84.383220 33.773589;-84.384759 33.773689
-84.381520 33.781750;-84.380459 33.781750
-84.380459 33.781750;-84.379359 33.781750
-84.371649 33.771549;-84.371589 33.771809
-84.371589 33.771809;-84.371110 33.773029
-84.371110 33.773029;-84.370859 33.773610
-84.370720 33.775429;-84.370250 33.776869
-84.370250 33.776869;-84.370099 33.777400
-84.368769 33.781290;-84.368659 33.781799
-84.372820 33.781770;-84.368659 33.781799
-84.377780 33.771250;-84.379160 33.771260
-84.379160 33.771260;-84.380390 33.771269
-84.383739 33.771300;-84.384969 33.771289
-84.387150 33.771893;-84.387149 33.771294
-84.387149 33.771294;-84.386388 33.771285
-84.386388 33.771285;-84.384969 33.771289
-84.376600 33.750090;-84.376572 33.751127
-84.374250 33.757710;-84.376539 33.757750
-84.377849 33.757750;-84.376539 33.757750
-84.378079 33.757719;-84.377849 33.757750
-84.378390 33.757680;-84.378079 33.757719
-84.378850 33.757609;-84.378390 33.757680
-84.379009 33.757579;-84.378850 33.757609
-84.379300 33.757539;-84.379009 33.757579
-84.379590 33.757490;-84.379300 33.757539
-84.380159 33.757390;-84.379590 33.757490
-84.382109 33.757049;-84.380159 33.757390
-84.380189 33.755520;-84.380159 33.757390
-84.372040 33.754299;-84.372020 33.755450
-84.371899 33.753809;-84.372040 33.754299
-84.371730 33.753250;-84.371899 33.753809
-84.371699 33.752909;-84.371730 33.753250
-84.371410 33.752199;-84.371699 33.752909
-84.371029 33.751450;-84.371410 33.752199
-84.371930 33.751170;-84.371029 33.751450
-84.373000 33.750840;-84.371930 33.751170
-84.373470 33.750729;-84.373000 33.750840
-84.382129 33.755520;-84.382118 33.756416
-84.382118 33.756416;-84.382109 33.757049
-84.371029 33.751450;-84.370940 33.751499
-84.370940 33.751499;-84.370789 33.751540
-84.370789 33.751540;-84.371489 33.752929
-84.371489 33.752929;-84.371730 33.753250
-84.386776 33.780746;-84.386809 33.781506
-84.386809 33.781506;-84.386294 33.781506
-84.386776 33.780746;-84.385960 33.780760
-84.371929 33.759379;-84.371930 33.759580
-84.371980 33.757639;-84.371929 33.759379
-84.374710 33.750520;-84.375805 33.750264
-84.375805 33.750264;-84.375685 33.749960
-84.375685 33.749960;-84.376588 33.749754
-84.376572 33.751127;-84.379436 33.750540
-84.379470 33.749759;-84.379436 33.750540
-84.379436 33.750540;-84.379470 33.751530
-84.376588 33.749754;-84.376600 33.750090
-84.376600 33.750090;-84.375805 33.750264
-84.386853 33.781489;-84.386798 33.780737
-84.387150 33.771893;-84.387139 33.772305
-84.387139 33.772305;-84.387393 33.772308
